redshift masa radio
4.1268836075276765 8095232364.576949 0.29581253469794094
2.7097087629124297 6070003012.108163 0.19299265440151706
3.0141791713495962 7320764443.216065 0.23939421891237372
1.005501758264593 36784255197.40785 1.172560489571516
1.9708311337826336 9432643415.330557 0.2845703838484237
2.8344151478448487 22308936904.388447 0.7173296724236196
2.1266611991628865 351487396.8213123 0.010690153733918375
2.5594820614090734 47146694800.24879 1.4797361600455563
4.7879748391834145 6120032301.984799 0.23887435719445158
3.1965811911853654 36722869060.38191 1.222244804492217
0.9173580943182493 7304481587.710404 0.23871604753016995
3.9420554463972235 15822190149.51061 0.5674737470767156
4.406518575238048 7328354230.040449 0.27541931925286
0.33489753449026 44403585375.799194 2.398829788917458
2.342058597492983 1409870895.6825762 0.04349891414859563
3.5079677321450804 5659903268.587793 0.19429443731829069
1.2992720043421675 2501152750.78586 0.07600260542100334
0.6108213795067028 36454787527.12056 1.392769147123764
2.373952325478701 5400730696.759573 0.1670243241382565
0.9250083464457343 11380173098.381607 0.3710141213850688
2.544585903144081 8466695834.964717 0.26540483466271414
3.6360672315172877 42003523776.954636 1.460610482015553
2.837523903599167 5373202386.037909 0.17282125635364765
4.672026914217645 47445805175.312454 1.8308456179636359
2.0153400515540683 732290102.3474882 0.02213824626263969
1.2487654769988275 36085790319.39484 1.102329779664827
3.8934531258810745 4104180184.499305 0.14647748517565964
1.929406096360161 27722278271.28407 0.8348823748471228
2.1332805444648524 455541849.33566624 0.013860293028509111
4.370403385032419 25554052394.057392 0.9569257327140515
4.627337426155933 6790764300.2565365 0.26088694311572314
3.5419948667649015 9784720252.23107 0.3370418869137495
3.5368841631339345 7685669327.70969 0.26460260290590604
1.676637302513095 13993011968.88855 0.4189415317476191
2.0542017248637405 3481279031.470812 0.10545247506996876
0.41153326038840093 39249489450.40572 1.857941062296213
2.938869722739261 433879695.41643167 0.01408729073409652
3.720603158000069 13211755165.848877 0.4633560767883267
1.2768526614587445 652401045.025864 0.019868478618248107
0.021086749468130196 30092126219.85067 18.441226748336042
2.119135242846605 7134456382.464953 0.2168920973118875
2.96679239981809 35043577296.71941 1.140802484786914
4.11132628172901 3328134086.0002437 0.121424563258925
0.3218474988414134 11821364713.241844 0.6560284845189308
2.9703674393885375 8770433041.472172 0.28560773833301084
3.085104284508277 27251021287.270947 0.897214366338161
2.7738431215685586 8231739756.373177 0.26322984810289324
4.802302839660797 26258174592.75496 1.0263403785928882
2.707119896568466 2874458479.2076135 0.09137100474077463
0.2501994828525684 34107565069.675217 2.265269250635981
4.762198618549639 7038860313.462558 0.2740423423545449
3.1983267057935283 16262969364.752829 0.5413718689655865
0.6254284563171398 1651001063.4424818 0.062387542047591255
0.6805295517482618 43322514853.24437 1.576917136693576
4.044160572588559 8872331944.639956 0.3215132380135195
2.157327586802396 35367858154.676994 1.077662730853474
2.8671059097663196 9395003070.588144 0.3030023675248927
2.902056708083497 35552789091.23301 1.1503600304035178
2.4439590965296105 6737522741.108274 0.20949047112519875
2.5300647657229822 6161500858.543317 0.19291252436355935
0.28965594280567736 5879230267.7707405 0.35107573936639347
1.1153145802452824 33979562487.6292 1.0582479646930654
2.544335247537098 4447169927.908909 0.13940218232061563
4.81104226579937 23932480658.530983 0.9362397833977686
1.2834350921784068 5971175915.7796755 0.18172673767673292
1.0171010680353187 31941429934.85175 1.0153083706300412
0.6141186522862707 1286016257.9443731 0.04900890381804658
4.177681868133317 36270985795.55474 1.3322025960766624
0.9898601817476068 5684933701.926678 0.1819382668106105
3.040805681452448 17589303980.525764 0.5766492214296568
0.4799101898915617 4873159458.7608185 0.21083666716107982
4.643155894042591 32957559756.238674 1.2681449624823173
0.0029426381938934994 6693765326.621091 28.769448461206526
0.9520954299074469 33911176888.972534 1.0965863222198666
4.15782972094419 9134837587.777128 0.33484440504277213
3.8954668739949776 20223820515.792343 0.7219317032325119
4.652527914302999 39547305.02072203 0.0015231177529598091
0.7262156093882074 43324615887.66629 1.5353148340937544
2.217448641970627 3101325600.083976 0.09485903896094762
1.6676536730346818 8270702096.243422 0.24761253004966208
3.4386056664738103 3597118728.239541 0.12262770886001394
3.5131251204538354 48210410373.27498 1.6558347038333872
0.07298359253401032 2625112990.366905 0.49360338041683277
0.6931416225964895 27466932616.682472 0.9920631892986493
4.308295420163574 7157291828.134879 0.26635650725212795
1.9153792395317262 23701376117.32744 0.7133972502665487
0.506853668778027 2269060784.410626 0.09526624780341472
2.922193545805774 49511278694.281334 1.6050265859279966
0.5886384065859138 5872172665.355282 0.22834348618453473
4.828110715949751 9947583315.295221 0.3898018904426296
1.638342221795485 3205123007.2502146 0.09595784790747304
0.5950414536693035 45389598341.48588 1.755821109729106
3.9370115354422137 7058844675.554211 0.2530412274315104
0.5142954719554983 44636792452.91033 1.8594450466666277
3.368775305375895 3798262416.9902477 0.1285859616854019
4.8956092851078585 34802422499.74923 1.3727897674609821
3.6926539283310054 7456670205.368352 0.26077945279508485
2.4156893899012077 32588201416.564857 1.0110394002509862
0.6761071741393798 5619380389.988437 0.20511312334588389
2.9428058178590852 46536467962.61045 1.5115148814557613
2.992309793395085 5301945943.612245 0.17301671930865994
0.21984773269040536 5550297000.888456 0.406545118110235
4.084110905063745 322499826.5270487 0.011733902739297634
0.9057373219614483 39217774882.9538 1.2865163424428263
0.06935130195803366 3706934846.258614 0.7304952991708871
4.216476435205353 6343547144.582145 0.23390494941194423
2.156153930033887 9680273629.597584 0.2949378695164967
1.0476774115213423 37376803500.258156 1.1797721509036618
1.95523704533183 2238219395.635425 0.06747818019663827
1.4345883695063917 5305376958.4079485 0.15966050318563818
0.10500093602230876 8883751814.009712 1.2037331931062947
3.7870439213346705 10170629720.009844 0.3591025788800791
4.56822648222907 8980577217.992922 0.3429981330637919
4.814025035597299 32819991753.751484 1.284295419448554
3.9789795609185084 3761466245.001604 0.13541216887712004
4.739092175286411 42320558027.50589 1.6439133756618631
1.6546656034715919 6771509886.59369 0.202726105704338
4.951375872888366 122446439.98557162 0.004856262537360787
0.17708193548568976 9158795385.223618 0.7960989399455317
1.2130574741854068 7780390932.7641325 0.23870830361187764
4.303106421135597 5281481258.723004 0.19644644165785696
1.3394334342992549 5717258034.146612 0.173122569549515
0.484853363170159 2510813535.5977182 0.10801113168156891
4.448496837055436 19128229844.17285 0.7219120423036648
4.2209729298649075 5094722300.892463 0.1879421778097765
3.7193779194394923 16356691970.831495 0.5735827300720758
1.2055424105059098 3980065080.3034267 0.1222320527001084
2.2009747287301695 15677386154.120932 0.4790045769372283
1.7226608859855808 660500313.7841341 0.019782088362781503
2.0026692119968423 15147850498.90352 0.4576621045643344
3.5151802035820467 3988385895.036682 0.1370133590284924
1.0626759494283948 14153821211.478096 0.4453206731116809
4.401994453128498 7853217241.072753 0.2950115815132545
1.0590537818441481 47296908020.83345 1.489235981589521
0.85757626667183 9277297767.692749 0.3095673514998232
3.493895440124518 23477822019.66022 0.8048150333759341
1.5843129908390776 1765661725.5184565 0.052886293023788465
2.478719934048348 5205294511.349781 0.16229587261925277
0.9496847767826809 4300630777.879742 0.1391670259869834
3.805004607823189 2426370150.128407 0.08582552301710066
0.011432989661842488 3858789262.9953456 4.3119985086324295
3.126945531559323 44184955607.31017 1.4606523155834066
3.4915948157307883 8591180852.236797 0.2944360244785561
0.5184802605474671 11350212249.413681 0.47077880902861663
1.8371408448847169 8326821486.447684 0.2499744295423528
1.5860879587528827 32301098264.263107 0.9674805456137208
4.035801262104041 5845482513.913545 0.21164827019741694
4.984156492508268 32789897445.295475 1.304609668948888
3.881664328256369 2665103425.0470967 0.09500373563227184
1.6365525572744468 985780826.6976718 0.02951336790332869
4.27847989703895 2247254292.9574785 0.08338093798138163
2.205880076452964 36613745386.51429 1.1190458117281354
4.672767609278893 7308552974.394074 0.28204414827661284
0.5177806600077173 5119928993.248439 0.21251468882854116
3.3082407400976988 7289376095.637926 0.24529509719360593
2.9185741537378322 27614003041.721134 0.8948704560780707
3.5325764159692246 3558703660.5228395 0.1224662095190627
4.84984840075763 23717417766.70577 0.9313622458146028
0.8281845229691998 2593340377.931005 0.08754447402120584
0.5979121058709721 21290786828.56674 0.8217014631080461
4.525940999888036 3001361709.215887 0.11415111863054082
2.0000439536937162 31913974688.054977 0.9640966378645753
2.3844174803752978 9042679693.426033 0.2798767677731775
3.3695308469581464 1032159058.0784304 0.034945227629373146
2.619162691793398 9415972588.1439 0.2970232886645037
4.2171435205338 15211556374.64202 0.5609317779789941
1.1566645089474397 3522295517.546444 0.1089407193849821
0.4538200367849345 17196134890.99533 0.7680292908210802
3.833482499024206 8268975233.885221 0.29333363414724195
0.8687533311114346 35356544348.765854 1.174884643538568
1.8311576159486176 737060454.4088801 0.022123106231090338
0.3999933765854714 42324724185.08437 2.0388433666563324
4.893236633123763 9501000186.786633 0.37468236089729057
4.131204581610609 41827755968.68033 1.529118235949091
0.9274533936344763 6058001354.572243 0.1973512714163986
4.682255784011715 83677839.8930506 0.0032322376489929603
0.8762414816823207 9062917248.697924 0.3003401775369701
1.665849148777794 323779583.67917156 0.009693442889799429
4.179726547597512 6688172014.194875 0.24570149474059894
4.014482281959499 19889970182.948895 0.7186096338692614
3.7512437737691666 737469667.1904564 0.025944369947107422
0.3800936801978457 31377758483.981064 1.5606439294945513
4.791616892573965 6646358179.414238 0.25951049829655587
0.009808404327445275 17907641492.685303 23.280350822240777
4.184086197234175 955396675.2735637 0.035113554488857564
0.22682781183091433 14329771897.967503 1.0247417882021455
2.8096009245672966 9724338523.483385 0.31197047280784956
4.171660567877962 18454407510.159695 0.6774037312358591
1.2626714237671572 3051667916.1414385 0.09307632281812715
4.454541007052958 3572166278.1054096 0.1348972805445102
4.8827026960528475 508934930.20148057 0.020049761784309523
0.06051622743137351 17563237949.266747 3.9264308923989644
1.0555284165674426 477259105.75529605 0.015038732160649848
0.2962852671393838 9753286057.084492 0.5731833793940934
4.00189961441132 6195093348.42415 0.2235396260931626
3.004150247428259 8615700961.749657 0.28147034172006824
2.7471563329878936 9951089311.24676 0.3174470685623981
4.529745769587271 1678898277.3047893 0.06387789980327603
4.705862504307019 3873426724.81908 0.1499685778926244
1.9131892356453537 5719742678.094258 0.17214642579626863
0.7363900723154313 8583850541.54356 0.3025210900713589
3.1695808756579873 43330620207.08562 1.438367879186631
4.793017625107796 8897832621.65167 0.3474682839778024
3.4976233288785448 24578262283.567684 0.8428529660188785
0.11383123619001906 94446851.36543296 0.011921201960116095
0.8567755160374423 12164939236.232166 0.40604609922219653
1.6219133419117568 3982073591.0347605 0.11922822858995875
0.25249124810086987 17264896651.825943 1.138922460869812
2.882144864197768 2363782911.991491 0.07634180696621101
0.14557742061825543 1909442965.6220448 0.19514556440038275
2.10659712254704 2959320490.6618466 0.08990017094983382
2.4563992027549846 5637075518.333074 0.17544618111932261
2.2461191712028694 6152904875.463681 0.1885561356927285
2.1530575993580996 24723629728.657547 0.753135377657655
2.322358603241647 8981954602.226885 0.27672417079603584
4.933088782189611 22866465688.643757 0.9052770392568305
1.4256270742776012 6114566477.25295 0.18409796682207122
2.578326019283986 8765682859.913124 0.27555282261112474
4.9623421247553035 131698163.62345277 0.005228765750361813
2.106341921190446 48805448569.71827 1.4826221561297819
0.2833689485093472 3187607673.951409 0.1933417422249584
0.7732188572932152 26465115145.007996 0.9154936662221645
4.269197547876696 939241550.6296988 0.034816641062862946
4.95315376096501 11357497225.70926 0.45051970771137256
2.569600808853737 1710726062.3058665 0.0537379615844681
3.3315343598843143 39712654447.83843 1.339461628504232
1.818769051078913 4605395276.793565 0.13818621716280494
4.560995617280336 46894805258.165 1.7897826578026528
1.13949400989058 2602687405.1577196 0.08072101881909959
0.17871568415575104 4451838799.0884285 0.3840941093896569
0.6988323645217663 2577944268.5810423 0.09279481082301975
4.245983245544764 37151456761.77094 1.373953673719747
1.9646561943083585 3603984428.3794436 0.10869781161056337
4.06022918649822 16398929619.36882 0.5952252820350262
3.425292865524318 7195255100.99393 0.24496397906371062
0.3508555511917061 4717073457.091296 0.24707122838645418
1.502250924139824 2902186641.6526265 0.08709364760063469
3.018236483380783 37355664335.43132 1.2220300101929316
1.293540835915027 355055723.8175861 0.010795002703445715
4.28169883531422 2210245479.243876 0.08203430097841492
3.8290384612434254 2225933464.786066 0.07892728307904967
4.511562781194738 45981262411.99123 1.7463093051076521
1.775994010594906 8264642621.555742 0.24773785543454735
2.9415345966492144 26232348320.98959 0.8519305927777712
4.263624759830375 5833568217.86617 0.2161228373280079
0.769948320295192 37234965818.798 1.2900822164916974
1.9744789952121289 9914418024.578573 0.2991536230106273
2.19312685950336 9921839996.0585 0.30299779381492253
1.1878918841227921 7975695846.918287 0.24553580996382318
2.540807099038529 27632142745.81147 0.8659115170556642
3.6740843438470305 3809823441.455489 0.13299005345886167
3.6161160058978585 47266065264.56299 1.6403053837774266
1.8837739891106977 5958204790.612973 0.179131754069315
1.2501361260597965 24317967797.13758 0.7427363854782524
4.955759242159593 8717818881.839941 0.3458988582302992
0.6913908020546706 18287402013.343243 0.6612126252378392
3.481984252960134 1395425542.4246361 0.04777782176900422
2.9586227143041417 20823881005.12297 0.6773737561814507
2.4282169984204103 1973515175.028274 0.06128721691771904
2.2716725632767805 46940790178.80553 1.4410187059289608
3.776922134180108 9716839888.499285 0.3427293479259105
0.029608379695482894 49617255410.23944 21.873324670776377
2.7504292464142193 3021827450.1349096 0.09642681006930906
2.580297246878481 684506469.9445463 0.02152131334469002
4.070051309028626 6019559455.786082 0.2187063008501462
4.885099691254493 26340271600.980038 1.0379320829560192
1.0245970235367834 9233619334.53609 0.2929832766882395
4.816980962214262 44998183216.53805 1.761356930977854
3.889204385188231 4186350809.851038 0.14934594778879481
1.4990323279169586 20696454511.00095 0.6211599957142923
0.9046954165937534 5583826659.248379 0.18323734508287226
0.602554228868027 37556292346.15441 1.4441217004123592
1.3383404543922557 9591737917.538836 0.29047005615157656
4.250149256977307 44210199645.766205 1.635688578853006
0.8196285206898948 2225824146.3428755 0.07540600089216588
2.805087397770683 36501514527.30567 1.17053813661455
4.393852154447236 8080951922.58401 0.30331944618001183
2.455419101408841 39495195859.771904 1.2291380412568238
1.3874604605119936 8107935646.888035 0.244663182345779
1.5598908395899458 4316808882.277791 0.12935256460432007
2.73430274641768 4385944560.118689 0.13975410962871138
1.6545660379500717 11960288279.829742 0.35806825016692684
4.587891997853283 6868269513.899072 0.26283469841547585
0.7863650674134568 42589961537.18689 1.4641950498329752
2.8773501555875534 6898403674.560426 0.2226948090527
0.7866376464470254 17897598861.357243 0.6152218258297346
3.575260815798598 1046342640.1666682 0.03616282458659029
0.5348956301747755 33852410296.419262 1.3812687222773943
4.238311510644015 7319401914.856675 0.2704810247354559
0.727320614873272 37993278624.74877 1.3455710624644937
0.7909032575207343 4609653579.898139 0.15814459961740837
2.5723004068024387 40829306634.6349 1.2828358871477443
2.8626426191390673 1720677586.9364285 0.05547141395958214
2.151357813419291 16368283693.861517 0.4985618394801295
3.877797561680087 411236514.7341705 0.014653738246624207
3.3499321180347055 39306255684.027336 1.32817854019712
2.831191368213459 9044789198.170073 0.2907433876605968
4.801450012475843 5606039484.13036 0.21910216926259443
2.5768819965577423 8122304149.920265 0.2552969220609158
0.10671321412446082 48448444130.78075 6.471692378528094
2.9433081187189893 4440749197.029928 0.1442433473947133
1.345332325255887 13735022329.92871 0.4157117657470633
3.0721687907013044 1938498146.9274845 0.06374368797020276
4.255255824707578 48709473340.95414 1.8030780216710798
2.6988638907156175 7336674994.410002 0.23304236072519782
1.4446563649807707 18686430507.55178 0.5620724404683667
2.8757337512851846 6482330369.835757 0.20923171462557602
3.945953468420029 30124447621.418133 1.0808600202480922
3.4326884723221442 2155611813.2116218 0.07344251103313051
2.4893056555635726 23900899464.878407 0.7458404755582578
1.7169651415629943 216131717.04455218 0.0064727641383736855
3.264103582111265 26475132659.91807 0.8870377226788768
2.5277690571584466 8227410194.056399 0.2575461348181655
2.095856295490247 37285009703.47314 1.1319781029320408
1.1435755044153124 3832132446.8021626 0.11877193655969352
0.8097532648548816 6446694087.69198 0.21932252087148438
3.9542633004578076 1166336985.6672738 0.04188314909078121
1.8399667194111795 41124972851.43725 1.2346882465057758
2.24392010750343 855828881.1171423 0.026223035823158672
4.416594719232757 48628936068.98138 1.8294486377201802
0.3304714522748623 8110937299.0482855 0.44211903897035665
1.303410801783035 34964068354.66722 1.0620419509879484
3.542965286391122 8668626083.063408 0.29862632641541853
4.622615564826278 17449738746.64857 0.6700689356847376
3.5032236009154074 3827269650.330291 0.13132085038027752
0.9882389919626221 28028476664.97843 0.89739054087688
3.642315530863931 7945240903.408687 0.27645815022642034
1.2768174289428162 33193096608.97801 1.010879320874588
2.6926809746034506 5409966564.243757 0.171748725831098
4.106098921841765 46332310555.28431 1.689509545420031
1.3024576594253983 4811268346.44484 0.14615640917434441
2.6921790301439965 36828644245.527695 1.1691372152245378
4.1981926595236745 8004175473.08599 0.2945944659840693
4.124909484019876 5032801033.507144 0.18386986070294578
0.27399665402526785 9657224274.154297 0.6000732205011897
0.6326363297019667 40820212362.71185 1.5344256736675324
2.785934496558697 7299346277.769649 0.23366983044983416
3.1616222130221323 5174771531.503179 0.1716441519615515
4.826302517373685 3866352915.716509 0.1514784547615994
1.3634723248286928 28703371272.949043 0.8675678851680797
4.236795539889737 3042049788.5224743 0.11239870626208083
2.9903840492901637 48623182788.5556 1.5864145650689443
4.692743104153571 7207448843.0589 0.27869178686523516
0.9879280484922891 34117583024.013348 1.0924347676685917
1.5652236439775316 9610003216.790318 0.2879336322259731
0.2481452189796278 29434439400.584743 1.9669310781029639
2.849185223444317 7222440828.269565 0.23254880023788543
4.784392118262406 39846660136.53645 1.554729617076384
1.02225366247587 8315877511.225819 0.2640089797550512
2.110223752061169 1322525843.1750119 0.04018491207672219
3.0398002362977756 83147256.08850257 0.002725643993055111
1.683765282440177 42123139489.758064 1.2611794336065862
4.749947567706912 9301643308.917782 0.3617024350613579
4.110689463916713 31611044755.205204 1.153231995099377
0.21024198679910547 4856488646.83369 0.36825879195054473
3.860022914719067 35305406897.47437 1.2557905027244274
2.747591204466733 8518531213.613921 0.271758002511736
1.462998896065484 34593460945.92755 1.0396779038008008
2.170862522157187 7711970325.100231 0.23518115543614698
2.9985724462633963 48760521446.971596 1.5921345275997025
4.537164194912655 3502740965.4538584 0.13336895602993076
2.3679413520912833 43795501226.692696 1.35382057143731
3.699436504470577 2212219603.885075 0.07742016800440041
0.4291567837799524 32452942942.88734 1.4978269211111266
1.4507035656178116 8501557895.945922 0.2556471784396095
0.26691743360664233 6573630638.35836 0.41629708475899624
3.9069925616338406 6418647878.704007 0.22939435748970416
3.3606166279867113 18005161469.65001 0.6090502269230518
1.2105553919110252 1727146667.513427 0.05300744530732054
1.6394831728856207 48951588720.57589 1.4655514365602451
1.9879005000228953 6164717058.926639 0.1861254241359928
4.295488020058319 42797444645.51578 1.590648223797571
0.4581176172099897 556111731.9834778 0.024702899359480217
4.360337507485608 9654931602.908571 0.3611851098206749
2.536116169941221 2004899906.24649 0.06280341541224826
1.3358646595438228 19279800325.844017 0.5839742725063901
3.8491179339665287 1290638167.4661634 0.04585655880453114
4.0860057609879235 45038904061.95975 1.639018579740466
2.5773149383522718 1167010012.0395122 0.03668231477367444
4.1196448593936665 4013976285.0978765 0.14656996235599654
2.204069619757652 9051853521.051262 0.27662429368291963
3.8048543129365036 151282758.71695954 0.005351089799409953
1.621590666079277 6900685417.144234 0.20661551783354748
4.731640107369492 48654163932.133156 1.8885510740803904
1.8905308859509171 7309974485.440402 0.21982429720695867
3.919577889287109 41644769607.716156 1.490227020471272
1.7956072939940646 322793730.08900326 0.009680019327923908
3.303364376554212 2711897137.8352265 0.09121411202795357
1.6757253925248679 9701896725.383623 0.2904673729824271
4.06703088047637 36793129164.80757 1.3363827704391351
1.1794083625676446 5200214420.162296 0.1602859311494315
0.22463529856017847 16904270320.68343 1.2178661678921152
3.874303015997714 6060918336.129817 0.21589455399648405
3.0720039979273976 35118354538.03277 1.1547794901967694
3.1608139872531678 4907018528.179163 0.1627501133752279
1.550556608154121 11636266470.18107 0.3487453009975179
2.4147848966623804 3588089562.2549443 0.11131165566624024
2.8037654731903827 25135724312.847954 0.8059605411263623
3.7230058774870582 8859261899.745743 0.3107830350525813
2.555075668453461 3762393672.9006233 0.1180423067727111
4.298887305220803 1972219598.057898 0.07332630064608672
1.6628902451980978 15262118446.27227 0.4569211648417285
4.3917613095343375 4883415206.765745 0.18326120305386578
2.310663544588252 18720231956.95989 0.5762650640574216
3.504111734380227 246886861.392616 0.008471909381548298
1.7647266497399676 42473454382.730515 1.2728933000589333
2.1131075187088384 5428921386.653188 0.16498504513162185
1.3313150396672742 1195143117.7486973 0.036213756888391305
3.902946026452235 998878490.7896725 0.03568404663987912
4.206787775683587 38124633557.00701 1.404395525666894
3.242018607169411 8693225610.227093 0.29062963819648474
3.3184245679614426 8930643779.162128 0.3008288437429321
3.1290325978757574 4380273220.692292 0.1448310361345817
3.647885021701217 37355090639.505936 1.3005171228269967
0.7637206879309119 6234413890.846055 0.21666254579423425
4.435470868432822 35850967848.03851 1.3512804016891469
1.4929735526418237 246048315.3700373 0.007386152577151067
0.30017981411612044 36207124504.22059 2.1084262025307807
4.357934672424854 8346655992.437509 0.3121681680280363
4.887036147835737 33121096440.840813 1.3053758299879346
3.0659526705977758 8051741890.024165 0.2646072483957739
2.8253524243799735 27440450269.80003 0.8815970307381835
2.9240463195754125 3253844188.417564 0.10549947061349878
2.438178512550178 2728840688.052553 0.08480965774531697
1.944717557042999 1151585130.611536 0.034702742389641716
3.2386684124496967 20250236071.54812 0.6767774409011552
0.863104715618532 330777859.2990363 0.011014596124805055
2.7836967730556355 40617425749.092125 1.2999989698024383
4.553425104212439 8951542362.594297 0.3413867979334659
4.377045936947404 10480305464.622139 0.3927183766726468
3.6459734203375755 2788081203.170327 0.09704830698107808
3.854691615437781 42932223082.5217 1.5262481997416009
0.7549924074025776 6766276391.375661 0.23617297639209386
1.0812438844659595 45664751589.6955 1.4313174830499513
2.967454792803743 2363048165.265334 0.07693107673906907
0.16390008571453155 27592201698.04492 2.5548687648114075
2.5336595515262346 2318290516.465872 0.07260564620757272
3.987700299151962 11968283949.252333 0.43123624965496404
1.7980901109458423 8646317850.784306 0.2593027965495193
0.7325791501881266 23517515202.122345 0.8305231004249464
4.86097370874345 5431017563.72615 0.21350367269196888
4.520062663738312 7582566552.093684 0.2882199225560906
2.0298482448109527 8077669784.268305 0.24437634917542392
4.823323925171029 2686396020.922251 0.1052186148280279
0.9469420505888809 4372234065.567766 0.1415977266530768
3.4876122055013434 45213562690.03189 1.5489357415297678
2.4199985211957395 5590182044.148877 0.17349155185371765
3.3767197454670383 42750245276.99733 1.4484071196807689
1.5001214390726108 2948344009.095364 0.08848504168302859
1.1534359934470582 43973608482.39967 1.3607463943139906
1.8503852551546194 2209212279.748499 0.06634732938478442
3.223309364733271 35868736175.59118 1.1969503817253413
1.461931035589648 1607666432.7805302 0.048319305928091486
0.016999142653164614 34351187387.664146 25.98756224971638
0.7076332535183961 4670065826.499995 0.1672373028104438
1.5636545037165799 12692717065.622252 0.3803084177938174
1.8976112719221399 2079162961.4088266 0.0625400945764105
4.301719781130019 37003123835.78782 1.376151885398232
4.52923353440139 5923765789.3856125 0.2253730549371062
3.9644563903879058 26705252271.57316 0.9599741824301853
3.322059712529693 14481599.748302097 0.0004879886887131276
0.27402886649348485 16401085630.068495 1.0190315965861352
1.0652767315112037 8336704604.199544 0.26215471351223735
2.3848856587226335 25146343991.003662 0.7783231259668529
3.65873683445425 7990682467.5245075 0.2785002440891539
1.7419355022236636 11357330565.164515 0.3402408838777526
0.4943641804310931 8660780413.754927 0.36859608802838306
1.7696242851939832 48999474180.09211 1.4686071113437928
2.246838318776585 8775637082.83974 0.26894298799594135
0.12900067996742332 26956203154.59301 3.0530729376412653
2.6293127119243738 4266397949.667957 0.1346991971107874
1.598425799399221 27791034670.31035 0.8322683694033
3.5796378104183235 2231391791.221739 0.07715348778782442
4.3980868633449965 33315078377.315353 1.2510150987492747
1.7115522241515422 482329448.1471935 0.014444109209917478
3.9303029193518637 4578117976.552796 0.16400232486809665
4.429400043493471 9731224986.836876 0.3665630849205254
1.8090938495918292 32614677767.70068 0.9783717215645288
4.395222043479766 470676670.6733061 0.01766932355385752
3.013926260729889 15267337759.513325 0.49924078744026296
2.31949481174015 3051150406.9389687 0.09398317573838752
2.693407264947503 29341310056.325573 0.9315500978593164
2.4086562951098345 5471905650.07624 0.16967231452115977
0.9107208579407616 36012670978.243355 1.179445041962487
4.78185943513238 5990523485.0004835 0.2336789738282933
0.24688106733985174 37699066008.86034 2.528819072318254
1.1194794271878454 3979267388.5178065 0.12383745301618063
4.116161853195511 18586840403.090553 0.6784583004648176
1.7085663517234746 4009004884.2752786 0.12005246367545812
0.11429425921546163 14405135406.673355 1.8117991191680392
3.5057431233533536 8009871611.220764 0.2749033081708095
3.7230670103023695 21858756489.776947 0.7668102283103877
4.438732682909548 3045113280.922003 0.11481259503774938
3.1945561997911924 39442041366.308945 1.3124865624558912
0.29051657636195033 2585134848.086859 0.1540461340924999
1.0925308822945232 47714863000.67701 1.4922905457542956
4.039622560181209 4650261567.55646 0.16843773158134684
0.4668542574892759 23132032194.830914 1.0164979695019902
1.0045551817186682 2592181940.031462 0.08264964033431989
3.4494063577277934 36860255522.878685 1.2579439754181694
0.407192259327992 6769399082.581874 0.32252677438901095
4.471759162273688 46711173204.731964 1.7670074520906418
4.278457426719063 8959184212.45501 0.3324160952533841
3.0389445078286 46460212301.97905 1.5228838751714762
2.9906591278094257 6042717333.613843 0.19715914882221588
1.7415728343026993 44305997574.33442 1.3273040577575017
1.7561942257511536 8002238670.366338 0.23978409509089973
1.7160156051287574 38005932012.70119 1.1381991353980798
3.2564708689998194 7706947015.39261 0.25802363319413607
2.702633479216921 49405959832.972244 1.5698546911470599
0.07400517141401183 9369654128.428446 1.7394896615307593
4.9102526116110194 39552556774.624016 1.5623916994682725
0.8782312096669626 5471002545.937714 0.1811769538528948
1.4782037032970614 14977577922.346603 0.44985921709750304
2.4343859818166527 7925471275.990118 0.24624272848398515
1.1369022621350544 36200101935.69962 1.1232110485283462
2.1877640244238203 657923549.1750739 0.020085113603996747
2.665393879393504 1950346230.9234512 0.06176925476506914
1.7716512976833838 6597318661.509822 0.1977418512342023
3.148525124201372 16677825134.4647 0.5524881956475993
4.909932261268411 2600524403.8369293 0.10272182303698185
3.3012156434549746 21060448492.299286 0.7082132837796263
0.07872155265304703 2434984406.4673314 0.42725784167776215
4.541121797787986 46772746607.93725 1.781601352034325
1.4369644115103233 4326732109.857528 0.1301935086952781
3.8902054563581934 48773187349.09049 1.7401349746578278
1.113886146704428 3076442143.0994577 0.09583615705923099
2.0972918366423903 48925776244.24758 1.4855135946878895
0.16706675319373943 6020489884.922224 0.5487605328381108
1.1398381622219211 1113855720.1353524 0.034543700127361
2.35364544682532 9877461509.791033 0.3050107547361286
2.7166261443942026 11310971679.32553 0.3598471778014717
1.8904550421586226 1377112235.37602 0.04141217144044749
4.79437311042486 10916317993.696587 0.42634868672641113
3.384532315304525 1618901882.551681 0.05489218366293811
4.580990873887325 18414751890.379436 0.704212600958928
2.9954221312039264 1278343249.8703372 0.0417281143603553
4.362573893809054 20320203607.22091 0.7603367412657971
2.189342545808631 3827050445.7895336 0.11684405780422019
2.0854437220783733 47028735780.852234 1.4269687623358218
2.617843141635594 8464924403.814228 0.2669926644691651
4.246313211400678 5244380966.812862 0.19395674305999977
4.2746831731405335 578403073.3567015 0.021452579225260518
3.7338219265489982 44739967339.95516 1.5711947520430436
0.27992690745118604 4287689581.064424 0.2623508449450661
2.891197609836977 41526156078.57942 1.3422772608995364
2.998791218479617 2079163015.31555 0.06789049903450747
3.968654128705331 37612229055.48007 1.352621405921277
3.538847516452864 3459512417.2375994 0.11912776441203538
0.18611384628329428 15718187750.070465 1.3125263166424703
0.23297119575472847 8435850624.602223 0.5911078695222352
0.004795612570110709 27119184459.302494 71.67879176128814
1.0060105634471848 6402438586.922952 0.20406282431992992
1.0985180104413812 48382727631.67885 1.511459874575739
3.5734608264551797 4182534581.542837 0.14452710234834498
1.3584850241361375 48113337126.441246 1.4547695360183777
2.4592732921711855 1296818722.793571 0.04037087926646645
0.47327438192418786 7553200837.232089 0.32935441937818855
2.1875012238707936 1038630290.7521275 0.03170681341926599
4.274110186746211 21886553832.520218 0.811710770520729
0.3858174106937613 5932629222.927174 0.2922971857430464
3.5947388818693145 10413498068.535212 0.3606090698500736
1.049353898565342 1173169364.579323 0.03701667791846214
0.5901688983421515 5407258610.584517 0.2100009740166597
2.1630842408597037 1134115005.074802 0.03456884621029982
1.405571152208907 14288800086.137959 0.43069307417751584
1.041617566244311 1980240011.7838998 0.06258872867017584
2.0258330183721265 36196992433.2511 1.094858649138551
2.9203567170082065 6047704526.085555 0.19601706904863586
3.33098995462911 10683678948.519812 0.3603285951758945
0.013051033373804673 275518786.90024066 0.27022604622004215
2.295192558875934 44410782207.6514 1.3655946024013803
4.065120870355267 1482894462.7940762 0.05385061033029623
0.9085766959012695 1341421967.8582382 0.04396347701963842
2.8448691532691055 2608639916.729697 0.08395983105403264
4.715594685843466 33921786653.0304 1.3146209476624664
1.8199614606232395 7166199156.424402 0.21503060090931045
3.114047092186124 42763764963.86584 1.4119034822087415
1.1129243542776919 9438933232.395468 0.2940888478662229
4.173666816735356 3162072618.867522 0.11609328425415136
1.6087511922942335 1426070042.7703738 0.042702620199521465
3.919385062847298 1593931854.5713181 0.057036550307123006
0.46962021605988163 3184107646.7322326 0.1394516792571004
1.5324417818586569 18747059158.53335 0.5620984348712356
0.2747668529360116 5208586816.378405 0.3229919839609114
0.8180589843447539 47774541811.23848 1.6195681483849755
3.4962278811216176 7307934419.054363 0.25057313298720535
0.5423768954959175 29129880114.536133 1.1800558001545125
2.8719675477079085 2940323808.359614 0.09487239025192232
1.2591479898138964 13445447898.072424 0.4102462377136683
0.16320933360820278 6891493890.568575 0.6403341800235547
3.4857230622921023 36949219127.1133 1.2655744279515053
4.262540983433639 8848124485.089993 0.3277708319198581
1.8792093446569265 4507869621.6989975 0.13550661804782238
1.7190266352068875 8665509624.634466 0.2595226056022658
2.5222400961658424 36425812972.664406 1.1397352322549168
2.057992563944585 5332153111.38274 0.16155020150765056
2.7667395733291653 41073153791.31882 1.3125720957449956
3.794362968220286 4418759576.338414 0.15613218841032678
4.869688566322367 48407150869.46389 1.9046005851951804
3.9221200988198404 6613475788.696865 0.2367191521578469
1.0163942894854818 6660165836.912529 0.21173975006507223
3.064407368005075 1280798386.0549638 0.04208507363994506
4.099348217631305 25270931590.72436 0.920878039947477
1.2976661805222884 321435519.3237893 0.009768958636434238
1.9731920475241485 30784693408.686554 0.9288312982209266
3.6889487670994527 9675548317.639435 0.33825291952950076
0.28796012789883835 7834906969.986277 0.4698112903699745
3.7299804143511075 5873882215.914764 0.20620112055350093
2.7110914654542646 19396543087.561943 0.6167787357605539
1.077896118882942 5972094799.006019 0.18731443508002524
1.046427843392155 46464758043.996 1.4670296191989225
3.8973237620015104 9635428897.175442 0.34402145470251205
2.4895308853015417 13088092605.89155 0.4084284138495404
1.021217021462359 6341343109.738079 0.20137170793690998
0.9418008740786173 11069966327.99202 0.359054341949817
1.2205000265846455 1907263524.7780967 0.05846055422551573
3.690354623088275 44463395891.88373 1.5546414405493485
3.0770143999811617 6897959272.102485 0.22693171500007656
0.5191157380024463 16252419342.832355 0.6736713345128327
3.9852399238367657 7826704847.317123 0.28193845964306563
4.036056896741895 19240082489.404037 0.6966465690686038
4.072259463393644 3797711303.0737133 0.13801152530956867
0.49804318150235316 28036633210.368484 1.1883818747976396
4.050748375401785 1090608637.5524874 0.039547495172331096
3.023641577460553 47338528151.95357 1.549402988865206
4.182655210226498 1816544449.6008904 0.06675357120497966
2.1731331133725034 29878855103.93633 0.9113026108343898
3.1225759894674043 6788371817.443266 0.2243127055417206
2.9444491615378365 5482736608.694308 0.17810806671142806
0.5278397231607107 2262440919.4972434 0.09295699865879818
1.6230518868784078 49383183644.88745 1.478583316775525
3.770053637957347 3203212141.741242 0.11290427603315276
4.593282490752217 13122898961.189804 0.5024552953587744
3.3168662250737713 2901726404.6295195 0.0977295931971543
1.221312713162379 6813496862.07006 0.20882271371523448
4.898672549900097 3944489423.6863284 0.1556378646733436
1.2685383151026597 34292610059.16293 1.045270188442289
0.3220135952623543 7325731057.973364 0.40639965818967455
0.4209383494346697 34624887236.25647 1.6167151617148345
1.5669120519339164 6592942867.330193 0.1975308861233133
2.59830549090118 28614638483.815437 0.901033721262334
3.0922567273112613 7942117900.699088 0.2616674517945869
1.4126906933893681 32520259500.68455 0.9798209979937728
4.278528494122629 8163325076.31466 0.30288918643581547
2.071793554088474 129240152.66144657 0.003918534262277301
4.001744369360957 7835873924.921468 0.28274002441748436
2.8455177237110085 13132431021.44118 0.4226963395681446
2.651852189493834 5393912820.967522 0.17062909776701948
2.7489323331169175 765526361.8047004 0.02442474205241794
3.1234090359909215 1761542038.707459 0.058212515739597334
2.0483741090558363 42287077874.18543 1.2805397460962138
3.795395125634332 1959417474.476711 0.06924116672422345
3.874613427246363 24341131953.091812 0.8670769892856183
2.8480715978304656 2943547337.485321 0.09476687510762351
2.999964828161953 29183981416.57161 0.9530452110928583
2.4754928942738235 328462215.46841 0.010238477024824097
3.531376335433197 1465501922.1467772 0.05042646043194466
3.1102989295113965 5998515321.000531 0.1979771811308439
3.027797139179654 45853965887.819756 1.5014092163276882
0.1519431400418214 8451262760.241955 0.8332786277754538
0.2292057046222244 32924506088.404797 2.3358128931456696
4.365897355775281 477754389.81153816 0.017882456131485886
1.373481168470825 15401164933.945183 0.4651759965420102
3.6668791939489025 6820848568.026988 0.23792327145575728
2.8628521256704555 24376620919.48711 0.7858717059179661
3.6614089043196705 2522276196.4139495 0.08793290761851537
1.839738872861954 46728442428.35009 1.4029110209502558
1.5897076949327407 9418689947.696817 0.2820944746731134
4.665274282851731 49029358310.73714 1.890689601797672
3.7682544258993924 4438710712.667402 0.15642369460056943
4.522730183176073 2526001782.67445 0.09604101033687015
2.871247185005723 4294131167.678284 0.13854504349912813
1.5483356057139264 35433997178.746994 1.0620274162597019
0.847043703282839 4964483990.193727 0.16632770276424144
4.237661684949974 49454498460.26089 1.8274210681086798
4.822580234434609 2548818070.8606625 0.09982279198775625
1.4214285325874423 40810337167.123955 1.2289992377648156
3.75000600959823 5309018567.115832 0.18674925652314583
1.1872923495561098 45382561984.32128 1.3972434573849983
0.6235415771597775 9649648719.477203 0.36514639416137645
0.2916994938143561 41108616226.0323 2.4425972157300535
4.762149027362646 7979679093.514381 0.3106695096279622
0.4313594066064129 6959960249.263889 0.3202501437647131
4.360250622751196 3056402043.0730453 0.11433714347565127
2.4000541147756183 6703355272.991231 0.20771998102229994
1.4584958665092722 9257171956.321674 0.27827111442653785
1.0143808594915447 32445510443.705963 1.0320075405569467
4.865117578005554 8523458490.628438 0.3352093061737153
4.847771671196789 38854221758.38665 1.5254610734638174
3.8580759362123187 8801029890.16848 0.3129853030623359
1.449445269954528 45205238963.18715 1.3594291729014314
3.640721713589621 5244821540.287671 0.1824665407970823
1.8835829488447062 8366593460.268077 0.25153762211616715
2.1679146877209647 4662923610.493024 0.14217259370028423
1.7540453851841282 937899897.5412583 0.028102801625784744
2.164888159712518 7968607397.288426 0.242917387410067
0.92605241817693 38645326865.46326 1.2594963979210743
2.994975743049109 1959466395.8332968 0.06395885239189596
1.0700948036577402 39338748191.92206 1.2358098040380912
2.5980693572297313 9622194099.317934 0.3029829478822498
2.9987838364073833 35592908849.67595 1.1622074020891422
2.7980876810142696 9242731888.094109 0.29620901980977304
3.3612501768672507 33909571560.921486 1.1471118252001367
3.631657305297176 9226399087.21994 0.3206917749267515
3.931888077074746 16350409972.254696 0.5858160830472711
1.8767715096769146 4436616774.64745 0.13335374640288317
1.8027108798828455 46638544429.68909 1.398840804592934
3.6669471278513974 547580017.5287504 0.019100691209678822
0.6858638094188814 9423066423.393755 0.34186037015967913
3.2642659003681427 7603594753.897873 0.25475919025536475
1.0553008110488677 10341023045.636301 0.3258679797154985
2.9641941726962675 6167484741.76013 0.20072589576610994
4.882535690803104 19470908854.181957 0.7670542724799985
1.6597531032888455 1212001693.559979 0.036285087158122814
2.5846368391298595 36637364997.49502 1.152323442586148
3.0033682812329388 9704914541.626015 0.31703075589394636
0.944321244471957 28389693457.669415 0.920130293067656
1.005450752617528 9412800087.182648 0.3000527586747963
3.9973199351321496 29378719868.974735 1.059591623126645
3.9656484438149895 7492040721.677444 0.26934898252232736
1.1418264599107104 11462040761.867626 0.3553527175295506
3.958604402040384 3021587553.233315 0.10855281482089212
2.595919235831079 33726886977.372204 1.0617959903601306
3.920028130906677 2278252825.3369102 0.08152929051359549
4.3484427651957205 45669944385.35795 1.7064499391852153
0.032935457408363324 6766313570.035092 2.6920098025056225
4.017149155232682 35855703062.584045 1.2957886756317691
2.664974806593035 9952461053.517303 0.315192058171782
4.139550259007661 23963035163.673313 0.876766196334999
2.4000848912936963 1310969086.954598 0.0406237031077147
3.0626470496938336 23656811614.218704 0.7771949914040795
4.20800832714143 4479539414.587716 0.16503287915449388
2.514304082689839 15829439356.645397 0.49496923101960516
3.2196662646916017 7893188228.017781 0.2633038189361223
4.548427557496331 10091240243.568707 0.3846605644189016
1.9082723669176351 1330624465.7766633 0.040040205451147136
3.7828595520083628 7947874278.326478 0.2805032740594443
0.41150547784290614 785156755.1617055 0.03716825595309231
4.904110090444648 20784133109.327053 0.8205157597222246
3.9958385099045413 8743136819.291937 0.3152883296358732
0.45402939689013505 37219643852.498436 1.6618939760826024
3.922680453410113 2695983820.558593 0.09650404601929906
0.2352279784656377 24636140368.333904 1.7137147109766064
3.6740080323072295 5566556443.146741 0.19431108778891062
0.5785131425489757 36256085841.78278 1.421823766222778
0.08155267086048412 8891766216.434912 1.5108832062303168
2.484037897924806 25048346130.264168 0.7813157915521515
2.0110784514993427 264374513.80136186 0.007990783613663944
3.9087350234957285 14164938430.765793 0.5063262078605171
3.381902006383759 8703275562.32733 0.29502506638998793
4.518040370155174 7710710037.251269 0.2930317760598556
2.2472456554341464 9641505090.97925 0.29548699088958325
2.0061189175933305 37959138500.100975 1.1470492308999585
0.28121054999346395 4534556212.884078 0.27654774143436145
0.4217384355123521 36691338216.74093 1.7112429123455153
4.3877922963312415 8613024516.568394 0.32309488900814515
4.974717017891496 5839564393.442374 0.23212534816243052
0.772730107478447 5308454126.079455 0.18367564341719803
3.8350150532139797 11222120454.200333 0.3981552194417331
0.39199146916000976 5894091222.3791895 0.28751908801745135
4.855294248286482 47180674171.8134 1.8537317901908694
3.9382456351682356 9672986917.248722 0.346794706158004
0.7348311195285511 43365211475.204285 1.529595401306775
4.915064206160413 4635658544.993506 0.18320219528005988
2.41290626593399 34532806951.44653 1.0711402227385567
4.497646307575716 2648210788.495344 0.10043633671425584
4.300914497231599 34844881066.79363 1.2957817635348774
0.9500117198305149 4430181031.798348 0.14334557063129363
4.43686063048357 40946070595.78231 1.5435372320269183
3.1802297747630033 2635768967.82273 0.08758589258998535
4.6844295871995945 45733625126.71267 1.7669395857029015
1.7673813735552792 7641116643.912527 0.22900903637207115
1.421449875883283 672465187.4635525 0.020251198604364768
4.577355164215646 3717132413.236407 0.14209840689960465
3.485129159161649 22628513311.096878 0.7750194357431285
2.6504866275310874 5176247593.299578 0.16372416289182934
3.6903933274695717 2138787625.2571442 0.07478198193371703
1.4223488285167214 6766868663.284323 0.20377339637449873
2.5424970196914063 38924735958.5418 1.2199594116177568
4.428609068874698 8249606875.103459 0.3107278254136113
1.3461833567866919 6125622922.65343 0.18538916529270413
3.822362627759388 4022397491.647639 0.1425301499750787
3.250817984999821 38839455064.14647 1.2995959355066373
1.8772296675625546 6238888752.790581 0.18752849147052666
2.8703302640911503 15828851686.214905 0.5106557163168924
0.34557598112087223 4274518142.165001 0.226142807167755
1.123570207414195 37245977131.91043 1.1582898139689468
0.8595582733173659 5791458621.038152 0.19310645809192528
4.538152688295639 24854108295.466255 0.9464280701247638
4.431568466915506 9429314125.296432 0.3552674351022237
3.693760660271491 18901028917.30478 0.661092776627353
3.6666133953874174 7365337696.607912 0.25690912509539754
2.0579683752574796 16664733025.89682 0.5048968909538777
2.2850709126047395 7548691593.67859 0.23195081980183196
3.148564458713243 27196038748.63833 0.9009296954306332
3.5210151072617624 8992464647.481506 0.3090999218466009
0.02874863824799058 26882046953.450176 12.192816411770666
4.064052289017164 8202985607.940378 0.29785539863846827
1.3716216267219508 28073630381.924103 0.848043737774639
2.6508460898391233 2671984380.763895 0.08451721715155194
2.940079896747378 11516116035.227505 0.3739500763291218
3.8730938598764997 8013073700.3343 0.28539691700453984
0.7523239494259466 16982294238.777658 0.5935601878996771
1.0057663523032834 8407369412.454562 0.26798155494287923
0.23824178100784119 2013492242.9055986 0.13872031519663577
0.17834867734324258 9874296608.16634 0.8533495399695773
1.0789482855867427 19895403579.003708 0.6238870158090122
4.728592025912319 5565457140.860969 0.21596288520126533
0.5187914639471758 4312418819.85423 0.1788114211187598
3.0138417796334185 2569744606.814758 0.08402977656086784
4.042783674277032 40693160176.11494 1.4744229915246152
2.0121065624784125 1647426505.1556041 0.04979635326631562
0.6601279817403333 34804183208.72559 1.283631292418032
2.7325668014715316 8656682484.333147 0.27579454154755983
4.904634828726815 44517771596.2897 1.757562077020771
0.18891303104359897 9028959588.273636 0.7449918803302926
1.315119932271818 32314489990.40941 0.9805165468388191
3.4815836383280656 8673034697.567879 0.2969431593647746
0.5595077176346825 2116977051.869363 0.08441069122109532
2.6145392772196696 5529891043.263974 0.17436931885690277
1.0409652540895242 30174460790.45454 0.9538522906696706
4.546954304060692 2839817625.1304483 0.10823306649300636
0.9036613868721417 37066122157.55765 1.2167692486440265
1.7295584919894293 6233203112.054931 0.18670122692353086
2.1742013660132704 24820624449.099022 0.757077525425857
0.33037831822102687 1204503652.8598406 0.06566876754052568
3.085409130184787 20643013695.03368 0.6796718982958999
0.6510813141841046 5872146422.023141 0.21789673247425584
0.5342978933519221 29900370908.684273 1.2207255816864202
3.0574243748818404 2456603740.9261656 0.080666057247868
4.752218058227643 10969746417.480736 0.4266634086575929
3.5802982238171923 4421550138.851966 0.15289143427792973
4.290578508018581 49427719523.281395 1.8361696733015918
4.981269740957829 1453285327.5187964 0.0578055588098501
2.335016770609835 48101776020.11213 1.4833254688415016
3.5855645813707677 3648670914.098399 0.12623318059111635
0.859216632777536 18347620119.504208 0.6118492607792259
0.680772967304154 3183234169.4305296 0.11585043338331172
1.2264953037380917 10536184551.486732 0.32270812186436415
4.093156137510852 9621293392.779484 0.3503829311325966
4.079494436690508 40974201693.352974 1.4901195682510888
1.6900592306001478 2258643607.7028646 0.0676268849737213
3.7942354969786134 43453175551.66455 1.5353521344509835
0.9963657995958862 6724738156.840679 0.21485570557711536
1.5537324909816785 20282049889.761433 0.6078235745102767
4.594102180237419 9989340420.981913 0.38250733777648305
1.2547297596499867 35003910052.2015 1.0685599005771402
2.8941017826983737 8036055854.651952 0.2598249854274383
2.577739714857433 10323735439.029541 0.32451482598850445
4.408176280862982 4414890893.609657 0.16595101436994186
3.7140815141199806 42233762072.302635 1.4802259245302958
2.9959306616780577 4050861221.5152507 0.13223598212871107
2.9127371173094883 31068608563.606453 1.0062718319965143
1.3501640495236256 5390056476.659735 0.16307742048819476
1.3252026699282502 13814521437.777641 0.41880584295129425
4.772577197329179 2884128224.077877 0.11240177618020471
2.862829404531587 37339236043.19263 1.2037676411760958
3.0846940241319944 8792186360.031178 0.2894630448356387
3.6276624377020763 26028400598.930416 0.9043325466723668
2.945569048645927 2486406587.6071186 0.08078005792799985
0.5425158346883932 45087634419.882515 1.826265712073007
1.852648062388364 6316663488.975544 0.18971589679858802
1.0224031456730174 20236005057.66729 0.6424214767057902
1.4571762163947213 770341809.0119275 0.023157870556833843
1.1797439583801528 47332319306.51842 1.4588504447262256
1.1672193706022598 9312394218.863579 0.28755464683836823
1.3271440979466644 29111388883.091152 0.8824056854791924
1.621730920585437 20164550.43685045 0.0006037523853183365
4.954047865297237 39366895087.45465 1.5617089969289957
3.806710882202232 896184638.2699622 0.03170529761143418
4.436265051762876 34892442704.48544 1.3152563829727313
2.787013387527665 7588430714.931473 0.24294788830875072
2.3890361422958053 12866824964.794039 0.39837588443564825
3.1461016525270957 6693292012.1203575 0.22167713754876456
3.3860733845803144 44347010694.864235 1.5039071103239259
0.6244850139251548 6080891973.371627 0.22994283411948238
1.0338523117099323 49036934728.959946 1.5526131755241874
2.816400539332355 8858639967.25458 0.28437417448641616
3.560845379472052 17042602915.873598 0.5881586527964884
1.791901762031764 2463066702.083817 0.07385687084631672
1.585571657699059 6473857048.417118 0.19390594831891136
2.467528076473682 7828953135.689551 0.24388074046287156
4.598495665604849 15794210551.95894 0.6050484358584491
2.1334932705418774 875553737.6259565 0.026639889821072328
1.8984412559016959 18720849294.39856 0.5631299639416325
0.17613864170768667 1692574086.916191 0.1477603984967426
4.06033021047599 18401129177.469246 0.6679051190866342
0.2758362462450366 2122614134.0705423 0.1312581690215913
0.8483809118561672 34551155151.18644 1.1569833412277295
0.13063761426403225 2978127462.8973827 0.33367732524388216
0.995370892414047 41983238790.69631 1.3417072497544185
2.0758593501831797 7341801113.089899 0.22265110628757284
2.694935085653455 44894619542.971504 1.4255401543632915
3.724267390381648 7777006847.90818 0.27285228409032364
4.636103581929199 47515512303.96001 1.8270317573677217
2.1558564220438887 9201314052.704977 0.28033986383644166
1.3468869234755438 969761689.6128806 0.029347785533435696
2.5051097911739832 6397284773.97437 0.19988628770154057
1.518821094746652 36743421662.92231 1.102095876962262
2.8896087243599173 8840104807.396242 0.28570226456102066
1.6079471436506099 23416770163.799255 0.7012031000466107
2.0317173468617136 8582967065.196988 0.2596877640177845
2.9773793228921352 30915431813.58172 1.0074248923443312
2.8043447962380497 7493870235.480285 0.24029872420291964
3.9858317432792383 48708196052.02408 1.7547020869672123
1.057898069254572 9252250072.665262 0.2913967485475085
3.5415914024684216 29581783140.24694 1.018924963991545
1.1188913671891247 122148393.32863578 0.0038017336447734294
3.9181089984826056 42151983646.4443 1.5081532343590822
2.7399186493128895 1033930609.2111126 0.032961785139887054
0.9760888018830891 12439960224.620842 0.39957908785265017
4.466434053742635 5542337235.825854 0.209546238111737
4.689486335196536 43987782927.25619 1.7003370755906781
3.9065921973874453 9596898601.02771 0.34296713078959007
0.5887872005307324 4174342195.650145 0.16230230913004584
3.1922775792688034 2016901158.9509902 0.06710010828323598
1.5896929794583174 31847403894.0268 0.9538458561115443
2.390723755769013 2751351051.3435764 0.08519680192569454
3.259076065237625 36492383117.96125 1.2220553174788669
4.853139643824497 4331625241.242976 0.1701539505603878
4.980578351758871 36336138921.46706 1.4452011979919437
1.2422740278657285 6978946126.33028 0.2133493546271719
0.9428320508560641 46356062596.31631 1.5030972022405495
3.3751067965188444 8746695673.53949 0.2962963560014031
2.5797360516838577 49722663544.88352 1.5632378595705525
2.4219381516517235 9677921522.333527 0.3003998660030249
4.550282322345419 15029283552.098618 0.5729958393273482
0.9220945576848001 4858910744.70679 0.15855428083160042
2.70319858023477 22536152412.44689 0.7161130149335744
4.003816287841215 4800182139.793805 0.173240132833448
1.0440146683007574 27612406217.154667 0.8722700301775695
0.9495751259598209 2351427021.7687316 0.07609385390479478
2.019931587889918 3837491126.0279236 0.11603941960891156
0.9533364066200001 4566236736.045665 0.1476055166883406
3.5891982584176247 7491963505.243827 0.2592945340916697
2.0540788184357575 5358227746.682503 0.16230664574553275
2.6486315525225184 1141727606.6365602 0.03610691716327486
3.6602294645982716 9064432491.447397 0.3159713672788922
1.7939082425369948 33443733932.353245 1.0028802890496975
3.1566577074962234 8521829020.190899 0.28252732072919634
1.0256677426954046 29971897860.113422 0.9507714065251309
2.4146863227449447 7724931031.753924 0.2396451670623624
3.266738765270304 15118370481.365288 0.5066660710783724
2.8524624371981058 5814046566.775862 0.1872577775722918
3.429432638957298 10385417554.030977 0.35372000344203963
3.6653962708331105 218381886.26367366 0.007616406925134716
4.08238885015714 20977902163.07034 0.7631318208826499
3.655048533324676 8954107314.511343 0.3119625056136911
3.653404562613802 8733055960.983847 0.3042105858131706
0.45368560839357175 308124460.2241544 0.01376409115416023
4.096679109580903 49137195756.66616 1.7900874870493588
0.8263026557122846 9184023654.382607 0.31026945803926476
2.1355739233766697 15605404368.601938 0.4748739976381176
1.00758094247795 6014435450.165042 0.19162168863942367
2.9781876639213016 18970261227.403473 0.6182212758004373
1.4269543263170978 1049427610.0898236 0.03159404634391433
0.7540087495941699 2941005737.748501 0.10270522740633209
4.81473409541819 8910741128.394758 0.348714897859148
4.191515501263982 28546832998.376453 1.0499628557001748
4.314709467320834 6464843548.136093 0.24074213500917405
2.7444980343266527 33329310799.39477 1.0629763823372615
3.7775611566906444 7544979329.020677 0.266141352498178
3.801905470813464 12868038837.794853 0.455025425177493
0.22711344851301726 9493471895.864853 0.6782387860797663
2.663213557673816 5175452262.230348 0.1638801786278146
2.468459518960907 6559820301.593034 0.20436098272916653
3.2148417979806223 15948604030.282877 0.5317674014986272
3.246524056092253 4939245755.333253 0.16520082016032364
2.1825418320692824 38070569270.69523 1.1618354065187562
4.604811389646007 3810375383.1921287 0.1460602304869192
3.7649328230673054 16743325500.45835 0.5898500153071831
2.7620425679929386 9154031067.7351 0.29241102539454394
0.26225041147742634 17511014361.042114 1.1233251417708525
2.0335274199460542 4285339011.822207 0.12966985716849652
2.1853482904738164 8467761479.085039 0.2584645175366101
1.1236866889732517 7932103778.115683 0.2466706365834044
2.619657886832591 13692246199.22853 0.4319350415032347
1.0101528270230424 9340963381.779371 0.29741774547245203
0.2513004401680263 18405698637.808712 1.2184429832848338
1.5938213842601385 9600918668.438866 0.28753756601036307
4.8202577053354405 24573866468.866158 0.9622002329253198
3.1333073362985333 9727507700.877146 0.32176763388803276
2.4831998623994966 24434819268.60165 0.7621271420996294
4.358512668554614 1035348276.3718286 0.03872466884803132
4.887249394383038 25185494249.864197 0.9926368385174548
3.119768431338789 1738503341.612034 0.05743088393351705
0.4089888510974988 7927875179.924218 0.3767045000700014
1.4146499362314557 307111839.1833666 0.009252116109913515
3.284314022695413 23445763339.644203 0.78710901925741
3.233561012295422 5924087406.136879 0.19788782602864363
4.224003031961684 28142952146.66864 1.0384983076410366
0.3475544936287173 2197482399.6956882 0.11581939660131128
2.5168241257175556 7697031645.528294 0.24072732115280063
4.980045820449005 732782858.7300235 0.029143543906302118
4.925630710353729 7367398620.5292225 0.2914613173068341
1.089702034258991 8045049777.600233 0.2517472602446001
3.802088097932629 35676662466.71052 1.2615821656608857
2.9189498681916652 3678000592.759172 0.11919495681120186
3.558778163618698 10413610418.627146 0.3593102422269734
