redshift masa radio log_masa log_radio
2.355756742887248 12387871904.564302 0.38259070229318287 10.092996705933336 -0.4172655883908704
1.2694091376960135 49212651181.18619 1.499908042545814 10.692076761952293 0.176064633829595
1.3716301349904858 37314180138.210144 1.1271801200571114 10.571873903805459 0.05199332056826877
1.312989118396804 96336056703.28902 2.9236741543636735 10.983788865488366 0.4659289685432176
1.0770938280653675 92231935413.13518 2.893315110740575 10.964881322054513 0.4613957352046165
1.4147549422296706 22669998825.841576 0.6829571283885638 10.35545149763289 -0.16560655764885066
2.7592476783077564 16916920933.680525 0.5402483665976117 10.22832131950684 -0.26740653750111415
0.474360980984606 6668656973.602844 0.2904085212506966 9.824038378491844 -0.5369906445908766
4.610493879077915 19697992036.08658 0.7554936794154941 10.294421957527424 -0.12176916468889473
3.089451628886061 87673721040.97488 2.887786915974961 10.942869439236762 0.4605651443579935
3.502439643301125 64743257021.711296 2.221288717589528 10.811194543552443 0.346605010735222
0.8316906625173437 74513344577.94817 2.5117735315035157 10.872234057413795 0.3999804796303851
4.930149367315129 89805820431.37212 3.5543691804320003 10.953304484766537 0.5507625345265502
1.2787407964100013 14914972644.110329 0.454138382694943 10.173622461149451 -0.34281179101212345
2.059127829968283 56941102438.76672 1.7252693742159748 10.755425871283682 0.23685691309171253
0.9212110086553418 91887899111.18153 2.9992906318823325 10.963258322101366 0.47701855102368224
0.9206319879768848 41005689545.757614 1.33870204075522 10.612844119326994 0.12668392543957516
1.5077030892667425 91324999949.9507 2.740152798838229 10.960589680645946 0.43777478101091555
3.34850919791181 16112614701.739525 0.5443765387076983 10.207166022008021 -0.26410060009130504
4.204050143430925 59132581314.43265 2.1776642309330905 10.771826837668904 0.33799091770882617
4.573460794205383 33203766174.008915 1.2688217076964423 10.521187346831294 0.10340060018485706
2.3271172215331513 23546435327.495888 0.7256897316609349 10.371925169011563 -0.13924902203978137
4.731426566545786 50651641756.49115 1.9660434387857333 10.70459352658138 0.29359310913016257
2.7979430054421575 70319902642.82768 2.25356697623743 10.847078260789948 0.35287046987453125
0.5444080549452907 89988243586.6102 3.638429810180516 10.954185775228604 0.560914001259583
3.4268260090545883 62198964120.49519 2.1179012272957496 10.793783151885368 0.32590570202232305
4.014994185860844 84819900927.82954 3.064637623248855 10.928497760855098 0.48637912892699975
2.2955797270362974 9778402045.864382 0.3006859512805462 9.990267889617405 -0.5218868626339923
1.5938705256651062 32444086488.38807 0.9716661982400652 10.511135550458482 -0.012482904991837686
1.1432212473263328 92054169335.71742 2.853263781372694 10.964043463437415 0.45534192360204795
2.7281864130982663 21103920570.47453 0.672090468338326 10.324363143636827 -0.17257226376812718
4.888886735371397 56810264189.48372 2.239423301714825 10.754426808917607 0.3501361928300795
4.786982882456316 31338740842.0648 1.2230804861475035 10.4960815429836 0.08745503719948206
3.582870349101086 23858756353.07704 0.8252182864203784 10.377647802156094 -0.08343115684591522
4.735051982105522 47761940123.76925 1.854541970179202 10.67908195982847 0.26823666630360327
4.219080115937251 50232177195.74467 1.8526911482352337 10.700982002041819 0.2678030265521455
3.1535066485402363 27399873479.028156 0.9081191728220684 10.43774855743766 -0.041857155110101685
4.193480200647067 62647059871.04512 2.3046374423649416 10.79690069365828 0.36260261338514294
4.135967825753076 98150821728.96234 3.5898726315328124 10.991893939910147 0.5550790401093079
3.9136075935785337 46758641152.78813 1.6722130930705594 10.669861881693807 0.22329161954308707
3.066351003656902 15306610543.346592 0.503045851441734 10.184879032286137 -0.29839242822321366
4.445525850967671 25127796392.31916 0.9480583970130266 10.400154404365834 -0.02316491084820789
0.3988508632773805 48401910681.58376 2.3357254381548307 10.68486250590247 0.3684217906225849
4.19794712182893 4977559815.675456 0.1831950500828482 9.697016487677185 -0.737086265115479
2.96017984858045 42600723708.15498 1.385949936754445 10.629416977032026 0.14174754298576528
2.5218293252401325 58679806677.81876 1.8359834751137818 10.768488674378899 0.2638687679876661
3.017121046396227 13719420871.204556 0.44876082512768234 10.137335779173316 -0.3479850621205549
1.8816464551167005 34401851203.15005 1.0342061979448551 10.536581813085522 0.01460713614847022
4.2199410496579395 44942212396.928825 1.657727319319631 10.652654447881238 0.21951309469792776
0.4704166174393423 48810612860.23951 2.135666227785239 10.688514260640526 0.32953338002428095
0.6005560600177572 26263332159.906895 1.011480226070559 10.419349826355656 0.004957396951228959
0.9228369778943795 38579158143.799034 1.258607192278236 10.586352746441829 0.09989020918313804
2.6369701067427247 83969670931.15904 2.652848953434887 10.92412245123201 0.4237125230478339
3.936722924773687 35606056976.83688 1.2763473090958217 10.551523882463473 0.10596886709678868
3.054894995470864 64967267394.34014 2.1327737065935133 10.812694600172831 0.3289447780038912
2.7496349799566278 22672278025.056087 0.7234230754281027 10.355495158591783 -0.1406076424208745
2.5860418847110274 25129226774.27237 0.7904616794961594 10.400179125566984 -0.10211917922545365
3.133426559522943 70040390320.50343 2.316831036472928 10.845348557650821 0.36489436240320927
1.336012739876155 29628167300.122025 0.8974096484621329 10.471704788298805 -0.04700926547896716
0.4411739124900549 19502454580.928333 0.8855090741623417 10.290089275150498 -0.052806984063470466
0.23107266875852753 37440511782.431854 2.639846465064089 10.573341776571596 0.42157866879617095
1.7647659310036439 16956073406.458738 0.508159463301411 10.229325288053706 -0.29399998227399515
0.5420930264154731 97099374593.28874 3.934571958655337 10.987216432672595 0.594897492449736
4.6386216761227725 47289787426.3955 1.8188056911419617 10.674767361810924 0.25978630446625883
4.940698280700986 15110629859.76153 0.5986693244536332 10.179282567510278 -0.2228129943377341
3.7919657154152913 63188036143.24901 2.232141192712914 10.800634857889644 0.3487216621637078
1.9822052971417423 25768666748.27218 0.7778052109272429 10.411091949057415 -0.10912915161107592
0.3359591840206889 89528185166.12679 4.826359021437482 10.951959780959735 0.683619624914197
2.9930047584383535 77998410168.13513 2.5454654977526294 10.892085750610445 0.40576721481386135
4.616345500341669 52745970890.72857 2.0241842469248335 10.722189290761131 0.30625004066822953
3.261508366854251 41412275989.74949 1.3871450930538551 10.617129099679541 0.14212188992476563
1.7418015174171446 28518895244.004536 0.8543622838096456 10.455132697942608 -0.06835793200898041
2.3739671115872345 72978646351.28523 2.2569580488746896 10.863195803566594 0.353523486719962
3.985554177592096 82995117588.8941 2.9897970332958086 10.919052544586078 0.47564170661487215
1.2654910925819067 67314957781.232056 2.0524903775209764 10.828111577746462 0.31228112973820765
4.836875180138805 540098602.3273622 0.021182267225291037 8.732473053410985 -1.6740275574138017
1.6082602339436847 2526031285.6408873 0.07564048750801228 9.402438725117593 -1.1212456807609306
1.321121517696143 48803515954.13944 1.4800630473138987 10.688451111028872 0.17028021574450503
2.697027309935157 88090943429.8519 2.797670123898992 10.944931261185951 0.4467965050749612
1.606038195049397 53456642875.86613 1.6007601412127836 10.728001681201912 0.20432626186824995
2.541554840982378 43825859891.64756 1.3734608174554646 10.64173044598737 0.13781627423666354
2.2050068608968583 37041174525.26974 1.1320455231223283 10.568684749115627 0.05386389155481885
4.759302886065693 23666206090.78492 0.9211285469484317 10.37412864213278 -0.035679758147626285
0.7848296418573321 43698035476.98542 1.5033587687420147 10.640461912927341 0.1770626350723914
2.776965434203783 29730678443.6224 0.9509788663366473 10.473204819765302 -0.02182913430902135
4.586106965135102 56358494620.29713 2.1563429107928656 10.75095938424517 0.33371782535663747
3.6344031658311984 34264765080.917065 1.1913066794633236 10.534847758642508 0.07602357680908992
2.655330266804382 630910903.7019687 0.01996403521210326 8.799968033154402 -1.6997516728066837
3.0759063116023113 22722815296.576836 0.7474640757309015 10.356462138307576 -0.12640967536039024
0.8464571459136818 47858010686.64998 1.6037788911450295 10.679954642339133 0.205144493016248
4.7372242333019665 65540931647.42305 2.545424670807975 10.816512610474176 0.4057602490706653
2.3420635972963972 81772126398.62 2.5229260504597106 10.91260529127271 0.4019045210891335
4.396331987644412 95790883029.5923 3.5964137565369767 10.981324176736628 0.5558696502035556
4.411313583073712 50566918672.896255 1.9013525776000646 10.70386649043046 0.27906265779554607
2.1016206162411852 62306959389.96982 1.8922646877631681 10.794536557989183 0.276981884917196
0.17516765561444306 77969270256.98369 6.837282379916808 10.891923469518247 0.8348835166423518
4.912545456346623 89821422611.5747 3.5488892590167183 10.95337992923331 0.550092447657447
3.7711288746846234 95778748481.97241 3.376300186966156 10.98126915792141 0.5284410528076425
3.172067691343649 62526958028.50884 2.0760978330395576 10.796067300525086 0.31724781514371875
3.9675855230567074 32439132034.469345 1.166459029258775 10.511069225388582 0.06686948922551324
0.6758343507646084 69518881159.24774 2.5379492667863746 10.842102773937231 0.4044829363658787
1.1232952200167914 5965997461.844293 0.18554177701246055 9.775683064261168 -0.7315582882957832
4.555461191056007 33463584798.496807 1.2764658281174037 10.524572463070292 0.1060091929289934
3.167170825517894 98854678930.70906 3.28072737472025 10.99499722990359 0.5159701424330044
0.8874904520720304 99413336189.22758 3.2814332579265773 10.99744464843041 0.5160635754346391
1.0831473978249502 229237956.46163058 0.007182539215643228 8.360286528291239 -2.143721994143399
3.0792201546208733 93907888760.21364 3.0900748502814497 10.972702076836109 0.48996899938292304
4.253155707300029 73559093705.76326 2.7223613700351628 10.866636369818206 0.43494577354749636
3.9322810206144165 50117606333.607086 1.795726626534035 10.699990320483911 0.25424022229544957
2.9463192268954645 82034883245.4868 2.665393084005846 10.913998564329791 0.42576126650549534
2.6873620096471664 16108591619.477758 0.511155852297041 10.207057571541071 -0.2914466625408435
3.9886109990945107 94150717917.71675 3.3927119683837152 10.973823635946037 0.5305469908413064
3.603707933987313 89927052058.91528 3.1168986548231845 10.953890356834671 0.49372268153041793
4.920365948946543 49469227230.5653 1.9560454330058705 10.694335126209692 0.291378937913032
4.052911223676214 92820902170.53099 3.366593649901157 10.967645785218318 0.5271906999177643
0.5531998214822488 6908987287.013311 0.27706834896422955 9.83941439355449 -0.5574130832227656
3.2335786376581264 93495571091.25168 3.123125319249178 10.970791038720789 0.49458941118070626
1.8897519990910254 1149777514.909749 0.03457495984348869 9.060613811314562 -1.4612383156224522
4.955798032845808 81620562252.40753 3.2384896103336147 10.911799582133858 0.5103425080960976
2.742070288649535 15832541423.550205 0.5048397506884893 10.199550632969418 -0.29684645640855867
3.5725343769291555 35049277740.135216 1.2110117053378175 10.544679072895953 0.08314834094573983
2.6774647088405445 91061531152.17014 2.8870456913751714 10.959334948468852 0.4604536572285146
0.3443375052928462 46906058947.920425 2.4874696120180966 10.67122894501127 0.39575778392491134
3.013934335118069 4358602338.576385 0.1425260758766 9.639347247535685 -0.846105671983139
3.773028404854583 7123985996.563505 0.2511761210057811 9.852723057110525 -0.6000216507961588
3.7302767897997504 61308113412.67617 2.1522699611267626 10.787517952123473 0.33289674435236766
0.20897755737878418 86248982759.91005 6.570952354056251 10.93575398160777 0.8176283181347438
0.5036363653506021 5458531980.829848 0.22996708455731318 9.737075859124328 -0.6383343205828798
1.7956511071965453 38858850336.02075 1.1653101175466303 10.589489947573385 0.06644151713587411
2.523714669183565 24542935838.304466 0.7680221819090693 10.38992651202233 -0.11462623655496047
2.857298403305466 31324234889.628685 1.0093358481155996 10.495880471932098 0.004035698163888764
0.8158206278736375 88660647613.5624 3.008472232282332 10.947730899239081 0.47834600737754623
2.8684515359533913 55250079036.52569 1.7821165847404068 10.74233290362597 0.2509361118519442
4.423052534350401 25845935863.734898 0.972966805845468 10.412392262295828 -0.011901976056472106
1.7669743784295961 46820019945.31331 1.403214544658077 10.670431594369953 0.14712407761262025
0.47744727906903994 31982516978.079807 1.387714268262198 10.50491263910618 0.14230005366101273
4.19737211864921 7441666865.808208 0.2738686553458084 9.87167022446279 -0.5624576705183115
4.951942905187993 34719665847.24705 1.3770683703807933 10.540575536740771 0.1389555031777499
1.8843976945005958 74763178105.11818 2.247782488047257 10.873687754506944 0.35175428340449505
1.1029806862437266 95758951593.8686 2.988984951700103 10.981179382600002 0.4755237285521416
1.044022295964516 19657983519.938763 0.6209904616724535 10.293538966645754 -0.20691507047532565
2.8765290175100033 12676353813.703815 0.409187868471025 10.102994352417502 -0.3880772506543843
1.1677020627042085 17235920150.00696 0.5321840176905214 10.236434473436075 -0.2739381721240485
1.4828762785536482 26845666984.76548 0.8061792000775102 10.42887419854715 -0.0935684111049381
1.9851607832899671 59300154492.49822 1.7901668999472937 10.77305582481708 0.25289352279394417
0.18398758068862117 50800300127.76641 4.281338763819877 10.70586627809982 0.6315795930379707
1.7636052233686088 75396542551.71057 2.2595239981426536 10.877351430947476 0.3540169582831017
1.1762355150498756 57182351416.40452 1.7633456380906412 10.757262010171535 0.2463374478653654
0.0015372290862032299 59773523845.56753 490.9520237965843 10.77650885967463 2.6910390546109153
0.5206342647526607 79768544403.79613 3.301323757000623 10.901831667227775 0.5186881171761446
0.35401880226547267 40274504472.748695 2.097105745816308 10.605030205675371 0.3216203301633009
3.0229648315170796 6266104749.890715 0.2050780612042196 9.79699765066686 -0.6880807970064048
3.4353692935064366 56249001724.2538 1.9169383717745914 10.75011481923682 0.28260815083922347
2.007921275999396 6911329930.152836 0.208864695020657 9.839561625630617 -0.6801349638182012
2.1447095555561617 69748653500.20518 2.1236205991821735 10.843535827958892 0.3270769293587788
4.908154485417293 91418773269.01799 3.6104541288104066 10.961035389278068 0.5575618316098773
2.6333600150191394 60052131334.42233 1.8966332245960755 10.77852842573314 0.2779833541175368
4.537945764777382 74633142083.93521 2.8419223969240024 10.872931725969712 0.4536122146724394
0.13963205340716747 3881615851.7431564 0.4109204934691633 9.589012552761943 -0.386242199018895
4.794168262394868 43816050667.66549 1.7112491467954243 10.64163323012711 0.23331324460902578
0.6049007867485193 53526439164.552505 2.0544167544447194 10.72856835299256 0.3126885482176233
0.019132221050149764 62185431900.33318 41.9052532429315 10.793688655007054 1.6222684695393192
4.561052226137442 94143701338.86458 3.593099720321451 10.973791268959369 0.5554692704705456
2.7213314985027877 10302694242.576134 0.3279068546686943 10.01295081127561 -0.4842495046064094
4.637336000566168 14360027104.063282 0.5522286416714438 10.157155259623135 -0.2578810721674566
0.16036253849888948 26260648775.404785 2.4757556502234355 10.41930545123167 0.3937077788794626
2.9777839393251937 48719784174.7607 1.5876668306372397 10.687705355734874 0.20075937164486404
2.815535318663707 2315710639.7549887 0.07433152622865197 9.364684291061971 -1.128826949857124
1.8238000612528065 45124381862.99495 1.3541505351042595 10.654411265765148 0.13166694568676354
1.5417509973775843 53292921565.45755 1.597533060582259 10.726669529304099 0.2034498545486691
1.4872581150915403 49560646074.6532 1.4880713177863094 10.69513695922194 0.1726237458461736
0.6848292526582039 75999094118.0291 2.7589397296313187 10.880808415677029 0.4407422132104496
3.222187909264847 39844374346.84912 1.3294721657546031 10.600367011739905 0.12367924923755598
3.5601317238152603 71113591781.57048 2.454030787191592 10.851952614395048 0.38988000689283947
2.925465516229615 64856601283.680305 2.1031271010634303 10.811954186359502 0.32286551977262273
4.081508177171867 77918550514.2506 2.8342605022960496 10.891640864949643 0.4524397645812809
0.9045434262067916 22366864026.752666 0.734021930844216 10.34960509758129 -0.13429096419518138
2.876288678093235 27241416086.431633 0.8793229170389141 10.435229679692222 -0.05585160804985621
0.9770948595033744 10370994023.87594 0.3330321800376699 10.015820384006698 -0.47751379971424446
4.674009172264915 92305321250.52303 3.562588961181798 10.965226738112861 0.5517657178917874
4.216864905745669 34244442580.056103 1.262741105973085 10.534590101298551 0.10131431827295252
2.6138897752547177 63442959368.781746 2.0003814474367854 10.802383432940626 0.30111281802460393
2.0966848792980493 33023008595.904438 1.002629957096829 10.51881663758448 0.0011406765462170189
3.1207919338693357 69850953230.63937 2.3077322666403535 10.844172337150013 0.36318542239299645
1.3388620692263942 40799144081.71121 1.2354832994069866 10.610651052195545 0.09183687922056612
1.5856593437888709 64143681810.57311 1.9212389698068288 10.807153884562236 0.2835813871489052
4.304268691441943 75652444078.16705 2.8142459363212806 10.878822963192189 0.4493620476545541
3.1709206041087312 43513074343.79809 1.4446134085487257 10.63861976873006 0.15975164155825927
2.171094708362026 45100533073.74151 1.375387666234194 10.654181675128873 0.13842512549499042
3.100479259281409 55089748849.96783 1.816474766387425 10.741070792461873 0.2592293692260845
1.30061033505865 13319563469.350988 0.4046909115278194 10.124489991654201 -0.39287654880249795
2.2800905216175207 65181690126.37187 2.002159784226921 10.814125617298819 0.3014987338021263
4.9029384032716115 75504817052.88005 2.98043736651971 10.877974659612633 0.4742799996227395
3.5379100172385636 92302488811.96587 3.1781222278320844 10.965213411348024 0.5021705957826997
4.44283605716932 53160532309.33951 2.0051800026321853 10.72558932098874 0.30215336480706434
0.46637686166267456 8851600547.299534 0.3891950946234923 9.947021806970323 -0.40983264217391807
2.8852257898553146 4634281218.303165 0.1497137156338077 9.665982384191029 -0.8247384110716449
0.36591769690322573 21466930482.35249 1.094006116471382 10.331769949891356 0.039019750098275026
2.0811171837845572 74186054236.27486 2.2504515451249216 10.870322272698651 0.3522696665029297
2.878850782534884 18805867587.786743 0.607177061799502 10.274293373913528 -0.2166846437694796
2.6372896626243505 67437098616.40936 2.130595084111687 10.828898877126933 0.3285009206456313
1.5791998894485966 75878660841.335 2.2729382797071915 10.880119657557286 0.35658764287564443
3.237469202107101 50805137250.50994 1.6977438949703614 10.70590762895213 0.2298721774333193
2.8605137210722824 61026238504.4524 1.966984114876613 10.785516602021081 0.29380085262432487
0.004725321026743424 36308446153.73794 97.38634869973363 10.56000766336354 1.988498083163124
1.6338300207612162 39460767717.27638 1.1814311354260432 10.596165530286001 0.07240841206564376
4.679803682090174 92249502249.51096 3.5624736141653455 10.964964031515391 0.5517516563808255
4.917149571194838 59297657665.99028 2.343932578257423 10.773037538510527 0.3699451153188002
2.329071659028577 19374427688.93525 0.5971951682067855 10.287228882522433 -0.22388371472735327
0.20590530056966275 2857301949.23195 0.22022207583980286 9.455956137462225 -0.6571391479671032
1.8574660775084295 93173442103.26112 2.79880681347336 10.969292139911378 0.44697292249688486
3.2785752584000822 2584758008.9039483 0.08672497258071739 9.412419889667033 -1.0618558287940032
1.9220111311904315 56425920254.79964 1.698822737854985 10.75147865075064 0.23014806516233421
0.11141762629072936 58658833112.21373 7.544136323508408 10.768333419401998 0.8776095275570205
1.6644301543148095 16831708382.168406 0.503913137779933 10.226128198168025 -0.29764431878066505
0.38483542711612967 38463776211.296165 1.8981350841520992 10.585051919195811 0.2783271165287101
2.1976236382224044 4034119520.0037365 0.12323132640673096 9.605748761033208 -0.9092788769427118
1.1271650295163114 50688076408.501884 1.5753375920340744 10.704905810240476 0.19737363663153243
0.3746546076070365 35676768016.55067 1.7908241460665795 10.552385504444171 0.25305294143665813
1.9381235894472957 94872508996.07608 2.8581819551382712 10.97714038607391 0.45608987301937853
0.24821584063407473 2886354954.0798945 0.19283730127084897 9.460349738094667 -0.7148089550327337
2.747174973546065 80513891298.3002 2.568456644954754 10.905870816935945 0.4096722393164098
1.554206333595346 3489306382.7001767 0.10456842189231676 9.542739104866312 -0.9805994461422554
3.7060737428785053 30884409482.23818 1.081574097651088 10.48973930193218 0.034056277911630156
0.05131777085036654 14330094571.582458 3.73806439879858 10.156249056536973 0.5726467790658064
3.3992729805456436 94221280454.01271 3.1994630893102043 10.974149001943537 0.5050771042843358
1.6321785826749877 66546805318.41405 1.9923842983471503 10.823127211337567 0.2993731104704745
0.7059073948645438 17183977650.39485 0.6159828945937748 10.235123699173297 -0.2104313477165476
2.1663618103596014 12715090422.953043 0.3876459300105854 10.104319452993828 -0.4115647714345053
1.6095004579724326 68006034266.10894 2.036377156381548 10.832547449944519 0.3088582165753354
2.458110580977185 9340013950.951023 0.2907344152479157 9.970347524925652 -0.5365035562323164
2.2292052344528313 6340306482.378545 0.1940790617250743 9.802110251633897 -0.7120213160684324
4.923071214521245 91911418754.54442 3.6351961366577354 10.963369469971806 0.5605278481442022
1.0269272196759947 91774974731.97311 2.9104381087025497 10.962724273603525 0.46395836832292525
0.22598063958907505 71797851694.2872 5.149074442250153 10.856111449656302 0.7117291706434626
1.5041280060061035 97134979682.49031 2.914810041663249 10.987375653671359 0.4646102570210778
4.437109131665819 65751989760.88661 2.478703373119484 10.817908899809675 0.39422455777821047
4.648081142558007 48280637475.023636 1.8586538636059617 10.683772995684993 0.26919851880764734
3.7326393091613896 63223015728.69099 2.220023998877831 10.800875207781516 0.3463576692812146
0.5806356393949061 52947551017.13393 2.0726732874893115 10.7238458774871 0.3165308502738476
4.115404162097553 9697070306.88962 0.35393616446422366 9.986640544396739 -0.451075059784578
3.3085148268818174 11234457577.584915 0.3780614597591748 10.050552108642236 -0.4224375931136175
0.5804620592981056 93130524354.46712 3.6462010279693775 10.969092048177842 0.5618406091711348
2.3783456126028395 48895220613.73895 1.5126452577319547 10.689266409992289 0.17973709016904824
0.1894664908239112 86419587677.39749 7.113947286094704 10.936612189887057 0.8521106427666847
3.9808762243682887 83171008794.56602 2.9947168290576323 10.919971969143077 0.4763557631554463
1.5320497322102986 91695893317.3056 2.749371766227852 10.96234988583828 0.43923346851021733
3.386712965327227 6743773564.373445 0.22871113992791195 9.82890297955944 -0.640712681517451
2.9800421115138014 8924911403.31807 0.29090481256565137 9.950603913608763 -0.5362490939697933
2.433356718655576 15895069433.12959 0.4938167772781281 10.20126242934794 -0.3064341591275851
2.2184508751980583 25047898146.53635 0.7661807213717797 10.39877128862007 -0.11566877992692892
0.8347914300604442 64327302265.55605 2.1656888940671126 10.808395338502038 0.3355960694204128
2.4975418315962337 26755216432.70805 0.8354667045235706 10.427408468491011 -0.07807085316713867
0.22374959036418227 47799458313.25461 3.454152146920403 10.679422975003385 0.5383414632582764
0.19512002656278432 74291205023.6919 5.97403637021348 10.870937402781266 0.7762678622813232
1.5701036410353948 79472041335.46085 2.3809261417493714 10.90021436853898 0.3767459234484745
1.2199016416233022 84925769408.9943 2.6033022770428884 10.929039490173409 0.41552459823983295
1.3594847308999265 56534185531.03835 1.709258982786776 10.75231113981609 0.2328078709558567
0.23037132382620332 77315914631.64812 5.4639915783078745 10.88826889786807 0.7375100212925763
3.022125934521984 95146467703.99843 3.1137189565813066 10.9783926698155 0.4932794107002772
0.6069875031444864 28851385385.122616 1.1055526453255744 10.460166671934331 0.04357942808163991
2.3596845748644983 26184723576.35558 0.808932524974627 10.418047993555545 -0.09208770243384883
1.7878747239259405 32366257473.171288 0.9704398647033127 10.510092484613663 -0.013031371390179123
0.2529167422464354 47799703194.13087 3.149296465129778 10.679425199926945 0.4982135457141985
4.660642760809358 17207107566.325123 0.6632435297217316 10.235707873607263 -0.17832697808872378
1.140086893565396 57360314251.92251 1.7788265228603586 10.758611521974633 0.2501335962918642
2.5079901471752413 16818768259.23195 0.5256337764044936 10.225794186598243 -0.2793167354673405
0.7445100685524558 89027962792.19295 3.124225167675538 10.94952643562222 0.49474232659930895
2.158133214105767 67812360531.852585 2.0663524894538075 10.831308862325908 0.3152044077775091
0.07434127788518087 99139215927.0803 18.329131810113946 10.996245479831499 1.2631418943672128
2.41606203189105 49865902230.165474 1.5471195237168496 10.697803681193161 0.18952386669582566
3.630611158871705 90681066543.7001 3.1515659496172868 10.957516619431098 0.4985263995959168
1.6979747853341107 61292327208.66933 1.835276677361595 10.787406111394459 0.2637015456418556
0.013182658225767346 80631253172.6243 78.30492389083915 10.906503409665733 1.8937890717819101
4.02524228660181 87436144638.35245 3.1624384022916674 10.94169099981993 0.5000220751149866
2.9562806340495005 39253252946.124 1.2765749319689315 10.593875652877774 0.10604631196088862
3.8534774930799736 78622312878.22601 2.7946940540207446 10.895545815564917 0.4463342709261208
2.831851806559035 289086056.4629086 0.009293190997125238 8.461027144775967 -2.031835136976238
1.4340921147707513 95193649558.9553 2.864838573058254 10.978607977234326 0.4571001555162634
3.1975929079319143 74557240156.19443 2.4817295440003386 10.872489823606667 0.39475445083385863
1.8604809172357921 58091625489.219955 1.74516107962307 10.764113528845344 0.24183551883838086
1.4200991342254077 86469713417.74374 2.6042158400145192 10.936864019617477 0.4156769761490796
2.3464779198726142 77825661977.68338 2.4019442110522187 10.891122823437847 0.3805629160087911
4.98142402668463 54360134446.402824 2.1622492168517407 10.735280522182213 0.3349057484821721
3.699384000132981 90536095813.16632 3.168438871285648 10.956821762487966 0.5008453326954635
3.0870040474180476 6508126997.666213 0.2143132839478185 9.813456019041636 -0.6689509089094776
4.334365731554166 57107914846.7059 2.1308190407190453 10.75669630327278 0.32854656892857304
4.96884420997912 26360551545.59717 1.047245782741453 10.42095449282271 0.02004862013299113
1.821019250150024 42693828609.33041 1.2811164668111077 10.630365102317398 0.10758861342474456
4.810597064439186 93529229253.14717 3.6587080785655637 10.970947355467157 0.5633277593292546
4.992387550198149 71781390369.92899 2.8582461924797467 10.856011866147401 0.4560996336329
0.6001628004535489 57247147355.58357 2.2054490016682142 10.757753850512442 0.34349701969767027
0.23936050255915584 12474664675.06363 0.8564187639266334 10.096028880409513 -0.0673138259869839
1.3266481631590994 23792827468.572178 0.7212231213027941 10.376446055363562 -0.14193035891405692
1.838700313487626 87824002596.47461 2.6366289331828674 10.943613226277249 0.42104901352097535
0.29528561951214716 11337196906.277496 0.6678530776102835 10.05450568959929 -0.17531906836455743
4.706491572880569 69245745882.89792 2.681173881572498 10.840393097645027 0.4283249800995087
1.3125355351211938 85382928290.3406 2.591366248487581 10.931371045273835 0.41352879795546993
0.7698971221908513 21876191545.898285 0.7579645919778994 10.339971717361335 -0.12035108179246488
1.728083432020382 99019131177.89047 2.9658341154647627 10.995719111388484 0.4721468564856909
3.510749482245059 73683073846.83667 2.5301154230114564 10.867367735088816 0.40314033399539945
3.5796941574185674 42649551427.51131 1.4746761730269615 10.629914467775967 0.16869666322425234
1.9692475331563195 83191964149.41298 2.5096151794188324 10.92008137804415 0.39960713252978286
4.168381038011002 95318422202.55751 3.497686038121205 10.97917684489563 0.5437808234299745
4.737509980984287 96230869001.99126 3.7374403516357093 10.98331440765908 0.5725742701854138
2.417538331866421 23173011854.81447 0.719038604453123 10.364982483808035 -0.1432477921610765
1.551398619583618 2356668342.889978 0.07062937881350016 9.372298467977213 -1.151014613358849
2.2655273166046013 36082726768.70517 1.10722133328233 10.557299349708464 0.044234444921155004
2.696314600834233 8992915989.728962 0.28558703875017555 9.95390053632822 -0.5442615067243306
1.4539246463768716 13212440023.99195 0.39724782813997006 10.120983028901408 -0.40093846851807785
0.14723867129085044 14218933469.079905 1.4393821536459055 10.152867022141686 0.1581761137320819
2.5625978099103044 54157748495.37392 1.7002260710667851 10.733660601091412 0.23050667131308142
2.532600297584737 30482934938.409374 0.9545999136804078 10.484056779143694 -0.02017860924080385
3.507456755712627 75506301976.50247 2.5918644785856446 10.877983200627884 0.41361228973670333
4.4600204950028 19234213950.97794 0.726747353571598 10.284074442593536 -0.13861654102481272
1.1094343144438856 53965189681.85448 1.6824547963668441 10.732113707897856 0.2259434045737749
4.2234162561328175 32930138587.38185 1.2150777284374958 10.517593558455866 0.08460406061066919
4.584968571177052 82487012155.05943 3.155694477699781 10.916385572872016 0.4990949498377681
1.1974712200790212 68271985133.87306 2.098990324659508 10.834242530948247 0.3220104366973739
3.186695659221614 78005011209.34145 2.5937248396431336 10.892122503596337 0.4139239012148578
3.512325218559075 25004339057.893833 0.8587300541692062 10.398015379287475 -0.06614333722770709
0.682871626844494 56354010016.87359 2.048262473775611 10.750924824840645 0.3113856083625921
4.261104572230473 90558798954.22498 3.3541852145007858 10.956930654005289 0.5255870402064947
2.1970856029417254 83644970574.0799 2.5550369893267724 10.922439832715144 0.407397191807023
2.0740487300982275 47412557999.38047 1.4377149021160722 10.675893386979931 0.15767277428515428
2.0670098434966793 10546345460.925297 0.31968037454486375 10.023101993177532 -0.4952840246244312
1.1018951600187952 53814553159.272575 1.68008658451702 10.730899738530274 0.22533166399311852
1.047577072941886 74793877666.33147 2.3608673677732313 10.873866049675303 0.37307158933955437
1.0913837358252318 51084751046.676216 1.5980360384955599 10.708291281257832 0.20358656918527807
3.02494945391825 19892846238.74912 0.651179699804495 10.298696925776452 -0.18629914681711873
4.257181129195499 8416495521.9807625 0.3116136173257262 9.925131296691644 -0.5063835721798271
1.9035610453279854 65837932370.56053 1.9808006997323355 10.818476183471587 0.2968407807577534
1.5530758388371353 80450290867.88705 2.4110112144150313 10.905527618628833 0.382199230430228
3.0184741757117814 87660237624.6857 2.867727670950627 10.9428026435818 0.4575379068915321
0.008699991512476614 62619529924.53085 91.65755375971901 10.796709803109248 1.9621682622167285
4.8013503868087115 44085126324.49304 1.7229725852270164 10.644292089586765 0.23627836730331014
1.6917496162776973 31034883690.604935 0.9292369627281948 10.491850122119574 -0.031873523377163225
3.408261373373469 23458744563.250412 0.7973009627213321 10.370304766354023 -0.09837771150640486
1.7063513918093889 97998167239.4723 2.9345640738952317 10.991217953598344 0.46754359643106824
3.6695728676082706 37506080306.22874 1.3086341504991459 10.574101679178055 0.11681824958591848
0.8547097592154899 28053748685.760445 0.9371250407259101 10.447990902125593 -0.02820245727210816
3.9036340801959066 29973589862.774067 1.0708543867087732 10.47673876043739 0.029730420086518855
1.5086369580751418 53215507792.88256 1.596653229942599 10.726038210630533 0.20321060388091008
2.115387360965992 23942256247.15864 0.7277016667023103 10.379165074621731 -0.1380466303845983
0.07417249983087221 94898203715.63835 17.581588899084057 10.977257991945002 1.2450581209608849
3.8896424655817605 14160635642.9039 0.5051958988587099 10.151082748410934 -0.2965401836714599
3.042313100035913 17819245338.034687 0.5842720549839161 10.250889307306506 -0.23338488496563708
3.462121692591667 85335955690.58163 2.9160009832215006 10.93113205658184 0.4647876660820139
0.9635438657220411 8334089608.584824 0.26862202690740067 9.920858165704256 -0.5708583782193667
0.6007718217831105 95047043409.99535 3.659922213746804 10.977938611988469 0.5634718552032841
2.982263479458194 33852875915.243656 1.103656845438587 10.529595569359897 0.04283406134729107
0.4696599244212025 28874385689.104958 1.2645265352086659 10.460512753257953 0.10192794714328347
0.5250925843779115 25009519187.225014 1.0303935615837247 10.398105342416539 0.013003136334257405
0.8449226709458033 23360538372.322655 0.783309600201423 10.368482847405888 -0.10606655073435772
4.444577561344793 17596627326.429432 0.6638485342253325 10.245429436343597 -0.1779309993276697
2.464977497007022 36248037679.45699 1.1289381462063004 10.559284500615947 0.0526701478619282
4.39160457639513 12080246596.22743 0.45333147275232377 10.082075799706283 -0.34358412879442385
3.1430428998585964 42138732392.22877 1.3951899294072378 10.624681467120672 0.14463333282741792
2.3560018126707862 27550139406.159653 0.8508821140183971 10.44012380076213 -0.07013060534163532
4.248519201028678 7369511794.884757 0.2726124538027704 9.867438718278265 -0.5644543080968016
2.6729354526915907 67665776284.90466 2.144448731749883 10.830369068556651 0.3313156678358632
1.4388118829822045 78061610219.48306 2.3486966825338498 10.892437505467182 0.37082693435641134
0.3981133001276422 75489536698.0336 3.6470741987054955 10.87788675998395 0.5619445990035438
0.31125861636433877 19305827521.883095 1.0962539374668616 10.285688421887807 0.03991116625282869
0.9271898771900011 96615130069.70236 3.1476850384972246 10.98504514288805 0.4979912697842523
2.717930019687163 24252771830.204437 0.7716668307207832 10.384761380949408 -0.11257016703594105
4.283041032687142 65233789635.092 2.421509199806526 10.81447260878161 0.3840861233588617
2.924456417208692 31889059308.650887 1.0339795227116402 10.503641708233623 0.014511937924848096
3.2908025848397284 65575435305.14797 2.202877022292367 10.816741182220778 0.3429902529244464
3.42998437149334 11401691349.268402 0.38835498280106756 10.056969280211009 -0.4107711182444143
3.773856213767168 943823406.1202592 0.03327992816308109 8.974890743321431 -1.4778176198335717
4.898165253865422 69594338008.52278 2.7458503457620886 10.84257390812091 0.43867686364333036
1.0692034696623582 11879553715.339882 0.37325935550270994 10.074800125611013 -0.427989298158106
4.6742841871646315 27169393274.01446 1.0486503897823958 10.434079940195968 0.02063072261158293
2.0967333866660685 21294603738.337997 0.6465390928004545 10.328269562895121 -0.1894052104986209
1.9902018907762848 32359287530.29266 0.9770973556666803 10.509998950978902 -0.010062162051584635
0.7652487832272975 59227526216.17528 2.0567680230585776 10.772523593638738 0.3131853116330722
3.3239748208843687 48117704232.806564 1.6217376006767241 10.682304898326814 0.20998058612853907
3.0438739105626365 8201233355.455059 0.26894902132751347 9.913879169358088 -0.570330031723589
4.700281934089172 91727455437.76031 3.5494831964008875 10.96249934614395 0.5501651245226757
4.2151701759549205 9030420422.806522 0.33293397886440634 9.955707969920878 -0.4776418789789452
1.9658897334756702 21425427181.064243 0.6462356225687127 10.330929489663124 -0.1896091059614906
0.8182219658173279 20715301119.761585 0.7022051649599192 10.316291250629744 -0.1535359804739961
2.425158337832624 25736895891.471184 0.799065390691256 10.410556165781323 -0.09741767919119668
1.3538203314433932 66069154105.29137 1.9983824423014303 10.819998746497195 0.3006786053549697
0.1671600618892708 85971010557.46846 7.832567333552072 10.93435203173945 0.8939041370314852
0.38558683216507056 94686001051.1846 4.66688187935385 10.976285775036768 0.669026808857297
0.11848495786359109 78775690813.4878 9.602017154339148 10.896392220353436 0.9823624775161065
2.352037591209597 82542120370.37057 2.5485537097704243 10.916675620990679 0.40629379060713855
0.6315538887850682 43443354301.854904 1.634305397314069 10.637923350156898 0.2133332149719337
2.170647544869666 10595991479.649973 0.3231267830627818 10.025141600404497 -0.4906270430523019
1.5750877868891007 73908626692.55275 2.21406771332774 10.868695132661607 0.3451908988710219
0.7606010869159207 411485608.9322268 0.014322334229014093 8.614354651041332 -1.8439861957036647
1.2400112947467654 73747047576.77817 2.255078257820501 10.867744638253189 0.3531616177660323
3.1752225793179973 16092209240.311466 0.5344782075643872 10.206615670886663 -0.27206999770960405
1.343411151469152 41424777815.859985 1.253974393669942 10.61726018773459 0.09828866823202759
4.764162590899452 6134770384.805475 0.23888976300428602 9.787798312380364 -0.6218024604050261
1.424335141847494 15501578476.773745 0.4667552362607142 10.190375923257331 -0.3309108012495255
0.6912074113091435 46435615086.35833 1.679146702319194 10.666851202588738 0.2250886408816211
1.6880003386354856 47256455504.371506 1.414905417166108 10.674461144028868 0.15072740934741047
4.174010689626089 82019659654.81815 3.0113987505530195 10.913917962825874 0.4787682658744136
2.0096995378372102 76713041229.73415 2.318515177260089 10.884869200359224 0.36520994318146005
3.3854397602567277 98744962944.60179 3.3484529065509085 10.994514951172844 0.5248441952928352
1.8621608448095373 27567287653.52817 0.8282075940550607 10.440394037957299 -0.08186079165410956
0.3164911274025783 26605090621.812737 1.4934965750143205 10.424964742549829 0.17420423098829793
2.1447286964021544 25468287285.175446 0.7754277565787833 10.405999740110556 -0.11045865739993019
0.45081486683784533 75847554571.43057 3.400639820184407 10.87994158310226 0.5315606359344962
4.458437236817253 16507921166.027998 0.6236383123372092 10.217692386226654 -0.20506721239670359
0.9550133913064597 63239666821.98654 2.0432621038882237 10.800989573186897 0.3103240802746972
1.3229806326624998 80547535712.21602 2.442371395810319 10.906052258064268 0.3878117050170702
2.3378228764316082 55373253157.09832 1.7079076739109458 10.743300038893443 0.23246438989235005
0.1269042136318246 37769021382.34097 4.338389280418504 10.577135732146687 0.6373285183449618
0.7557177294314662 77030515827.2122 2.6877213161933287 10.886662806080881 0.4293842356935716
1.301246152220062 74088133324.61784 2.250899871650235 10.86974865272504 0.3523561764056903
0.6373104204122018 29765316369.561817 1.1151379264709818 10.473710502941014 0.04732858666729747
1.0985911655704814 92343030023.53766 2.8847250202300847 10.965404120820631 0.4601044213432749
4.798732363279191 9169386567.768412 0.3582737049784746 9.962340282328208 -0.44578506512947863
0.7334754590090284 1593415810.624219 0.05624448857019509 9.202329122125889 -1.2499200278978826
1.6642955677986304 76534100582.88518 2.2913021814471417 10.883854982803003 0.36008236857867426
3.331565259681356 88142633022.24371 2.972957572605087 10.945186019738133 0.4731887113862458
3.6176611382213473 71332767021.55904 2.475893475096404 10.853289070773618 0.39373195530242794
1.3954196453438001 77371656328.81361 2.333572003940582 10.888581894088624 0.36802120587753745
2.459106670856984 30019772036.87329 0.934524281444519 10.477407389989066 -0.029409410004390946
0.03237617825636525 11800936091.148499 4.773039392564284 10.071916458415945 0.6787950186743729
4.940562351002928 8706567098.391413 0.3449416521824147 9.939846951321378 -0.4622543608057518
4.185805698366326 64502077578.95034 2.3710460170128704 10.809573703263837 0.3749399828018192
3.102808175759117 42692487335.15372 1.4080169499327087 10.630351458258225 0.1486078829438319
0.9843572662085486 84161924036.42465 2.6973676802480493 10.925115655384412 0.4309401495004197
4.933112817847512 56031199806.83533 2.2182648672593754 10.74842992219823 0.34601340093010663
1.7701032548284752 86020657206.53705 2.578225734921854 10.934602756284594 0.4113209390604772
2.0835846012024426 86000693634.98125 2.609206430975355 10.934501954041592 0.4165084402680754
4.23460471982398 50584009291.53423 1.8685836716701345 10.704013248578642 0.2715125495129467
2.5902110182054012 35959283458.945496 1.1315293140888516 10.55581102919783 0.05366580953433643
1.9528430323900596 80300904486.91847 2.4206765906949705 10.904720437077751 0.38393677033444706
3.0492286968227185 91965136.61291473 0.003017429379915725 7.963623220321729 -2.520362885363773
1.6173744301586148 35104090032.98976 1.0510925616187021 10.545357719750033 0.021640962679220704
0.7500852966537809 56948874571.50983 1.9927381494064706 10.75548514593553 0.2994502351083731
2.1242568078841275 80455535517.6349 2.44663268812174 10.905555929877679 0.38856877380797467
2.167985937896467 77291983093.40399 2.3566438599465407 10.888134450207389 0.37229395615759264
1.1686399144968083 83065047073.79128 2.564391057689043 10.919418315525425 0.4089842537821687
2.2737675804956092 5767991105.203274 0.17709520911287732 9.761024581988051 -0.7517931874490226
3.9044282550012634 37005370847.7544 1.322182194996564 10.568264760830955 0.12129130449125385
1.2625657020675665 77242882437.52122 2.3559464138684123 10.887858471779452 0.3721654081753712
4.315633285480501 30712849074.14504 1.1438114666718306 10.487320105592767 0.05835444602018318
3.556012995611121 4604922202.4967575 0.15884362839584948 9.663222297440193 -0.7990302010950731
2.440410424443563 13355265314.68558 0.41514096651836285 10.125652520104257 -0.3818044079007002
2.7852866302591295 79095336209.73439 2.5318854384469462 10.898150876442168 0.4034440510388709
2.3644782268911984 83259207594.20856 2.573069831073625 10.920432273244245 0.41045157277793626
1.437211673670497 65873552788.52671 1.9821432967717785 10.818711087076602 0.29713504810469155
3.37449363948639 727779880.5118505 0.024652208253702436 8.862000045337247 -1.6081441721497112
0.4918068128454048 24139333576.367466 1.03028553060777 10.38272527619624 0.012957600610667537
2.9062452883399312 37880341899.39244 1.2261506896322902 10.578413890192625 0.08854384673559319
1.4447743383692802 86172031978.2091 2.591969131212107 10.935366333940337 0.41362982504420615
1.5304390123082972 30498153358.39236 0.914482056905096 10.484273543919258 -0.03882481141616349
1.485095649039546 95120929044.24883 2.856258088505111 10.97827608337704 0.4557974472741137
2.6346340577746834 65216794125.922554 2.059975459312502 10.814359446300028 0.3138620466076745
0.2117295682406211 13950569385.296623 1.052053945287803 10.144591933476715 0.022038009342582158
2.6567020876186853 2693764822.042711 0.08524947937692137 9.430359677152566 -1.069308264586733
0.19212282521415838 17673793998.847176 1.4388152055997847 10.247329788663265 0.15800501885538784
0.1182876578296319 8077072049.615144 0.9859461263309902 9.907253956920046 -0.006146814953702486
3.205891503534737 69778761233.32742 2.324561470919522 10.843723255248154 0.3663410351945891
0.39003761023068656 1577723950.9382014 0.07720392283036225 9.19803101847306 -1.1123606320438446
3.4445542758389482 32971655562.87048 1.124690250847009 10.51814075435479 0.05103293056248278
0.3863233019866988 97570285946.72467 4.803265105872664 10.989317577767473 0.6815365572490544
0.7219076677928172 70322063577.07951 2.497969214125833 10.847091606476823 0.39758708166915746
2.2001679342428626 75483621766.5478 2.306195709919041 10.877852729800935 0.3628961599106788
2.053484315548732 73422139236.17593 2.223968266919498 10.865827034007957 0.34712858614739517
4.437451890736758 92085343805.29434 3.471530933713745 10.964190513899446 0.5405210394705297
2.407771929427329 42033821719.385826 1.303292058688605 10.623598877899465 0.11504174899260687
2.5341072302197674 73722261266.68085 2.308964302081485 10.867598647770317 0.36341721852615355
1.183321624751505 22038100425.797253 0.6788955338633338 10.343174157777408 -0.16819704833678806
4.87791262351501 37320809728.70691 1.469584900662956 10.571951057820828 0.1671946811363158
2.346936554558829 4297905938.400007 0.13265134604250273 9.63325690652982 -0.8772883387772765
3.8245238555670764 27954235358.64922 0.9907504978870945 10.446447617358027 -0.004035700745412009
2.086687740175926 86129322567.6305 2.61355810605708 10.935151031376195 0.41723216001419106
4.986168460153813 31470140145.99143 1.252345337882872 10.497898676961368 0.09772410336046546
1.639611415108547 80786372797.59096 2.418645501732669 10.907338109315052 0.38357221895161736
4.666884360407488 80268600979.83585 3.0958424169617245 10.90454569362294 0.490778846330713
2.5458206699461865 88628950158.11732 2.7785290573574732 10.947575604960004 0.443814942918779
2.321057451669422 83056344657.18434 2.5586345167355713 10.919372813721283 0.40800825435104504
4.794262093658272 62609331635.15926 2.445248966848146 10.796639067645337 0.3883230840828233
1.6504225314762677 48093118594.05711 1.439819458226915 10.68208293977451 0.15830803847616423
1.8128777643877798 36284082657.2834 1.0885493664052124 10.559716147621062 0.03684812935434696
2.852236290275966 76847675953.09503 2.4750446416265257 10.885630737990502 0.3935830365775544
3.4895772839099366 76822696219.11926 2.6323266265743404 10.885489545377153 0.42033977677999074
1.9000796184843822 58616410728.05766 1.7633082797680482 10.768019221664293 0.24632824678483195
3.2410798109105174 35304086808.59673 1.1801679311976003 10.547824982319495 0.0719438093428502
2.8920465757942315 27615646082.45609 0.8927092587250812 10.44115520822467 -0.049289960921937874
3.4256692763732337 68056237204.06713 2.3170760914939175 10.832867933494946 0.3649402960141077
2.109978963320586 98496030079.41888 2.992757095087791 10.993418726443327 0.4760714690807579
2.296290683147904 41399503979.43145 1.2730990923756023 10.61699513773234 0.10486220852171678
1.9718549017249483 54491139247.27549 1.6440005837009302 10.736325887801947 0.21590196739992457
2.4487628699333044 78960186623.2197 2.4560451211692502 10.897408166122304 0.39023634117223216
1.9823626434981083 25251294196.325512 0.7621942385960586 10.402283641778197 -0.11793433837072193
2.2317877420234122 91699673211.60852 2.8074421111133856 10.962367787985746 0.44831080996173484
0.33122068973760765 52379114472.47697 2.850777029196079 10.719158151917245 0.4549632507094607
2.869399889074388 35440511178.76342 1.1432503232121074 10.549499977337902 0.05814133283357662
1.4535007332280196 32561343931.761646 0.979014614381407 10.512702321588877 -0.009210825155157584
2.300298375716233 78412291382.92671 2.411984321069083 10.894384145099966 0.38237448037718874
1.4647363921563474 94692389788.64368 2.8456908057676853 10.976315077148941 0.45418771070127506
3.0260121350722677 50725451929.87963 1.6606341786738879 10.705225924996238 0.2202739721978028
1.9012144224033132 86970294507.75201 2.616363076172488 10.939370940729772 0.4176980114553059
2.1389476999750117 14170252687.27489 0.4312890403358825 10.15137759475774 -0.3652315777504658
4.35876574834551 8569408802.089213 0.3205258934490972 9.932950861264294 -0.4941368805669324
0.29727602620561555 12387115473.431698 0.7262631987983996 10.092970186132384 -0.13890596184674134
2.697644645409718 51396170792.405045 1.6323739229724967 10.710930763631909 0.21281964834112094
0.6649666909543174 1495692456.8809028 0.05498763458158274 9.174842303414591 -1.2597349620831921
2.3519512004085374 11621277621.227602 0.3588139118410432 10.065253876190942 -0.4451307269471473
0.9734060405613594 21390468774.402027 0.6875752650464447 10.330220302285658 -0.16267975509007354
2.4103456414557667 26848198437.09216 0.8326144731390029 10.428915149064267 -0.07955604414612599
3.3871707507004363 44818234042.23632 1.5200535564588207 10.65145474017714 0.18185888982949697
3.667416693969947 48724136926.18228 1.699676330104705 10.68774415499302 0.2303662264177774
1.6742329851666737 65822258745.28095 1.970657602895503 10.818372781388621 0.29461117319339886
4.029091635775848 21681175829.15797 0.7844816830974786 10.336082831476478 -0.10541719232250013
4.927510730790772 8146310040.392986 0.32233486682968643 9.910960934877098 -0.4916927144916144
2.6438951054271085 17533354661.893818 0.5542616831811509 10.243865017734676 -0.25628514370264305
0.4949177722818611 64741458227.39202 2.75365437569883 10.811182477163827 0.4399094289686643
2.185313603396818 75895292134.66774 2.3165741045730655 10.880214836984434 0.36484619734832946
1.1204553020564245 18535794892.105286 0.5767472667590441 10.268011215121598 -0.23901445495039308
0.11106556972831347 57836440340.18377 7.459027128429968 10.762201555583351 0.8726821866808226
1.4332347149525515 77934290139.47058 2.3455231313549767 10.891728584010457 0.37023972028052937
1.5690279640483442 53782945144.83523 1.611328785115766 10.730644580429662 0.2071841654922796
2.5493646523111093 30708209772.07265 0.9629896210171988 10.487254498671245 -0.01637839362234927
0.45966639105156426 34574695073.706116 1.532857992810659 10.53875835860374 0.1855019227634498
3.7323498726058135 89134354923.9685 3.1297877499130826 10.95004512579007 0.49551488637485935
1.5095962763044928 52828801711.25109 1.585003392025716 10.72287075991856 0.20003019597741362
1.8935577200897016 35201159542.40409 1.058677245997177 10.546556969573967 0.024763578949035563
0.5790321163594129 63650372043.593864 2.495023490508299 10.803800946497256 0.39707463883720695
3.8628652258284264 41675972754.525795 1.482813639724815 10.619885745440474 0.17108657225230436
4.82153766767684 81222848198.51564 3.180714513848624 10.909678214595173 0.5025246906024287
0.025631459454886776 12870400078.566982 6.5236169163773186 10.109592047231768 0.8144884502241222
2.9658316292078473 29387716107.072834 0.9565956415376764 10.468165835795748 -0.019271602201718103
0.912070424811579 24050706124.28208 0.7873351801987232 10.381127831702672 -0.10384034270909248
2.1021957498027244 54138564182.544624 1.6442439459249296 10.73350673359432 0.21596625147017992
2.9986928165093047 49006451728.98327 1.6001830004286222 10.690253258923388 0.20416965236319623
2.777852587652708 34187444254.25592 1.0936227113266832 10.533866635521344 0.03886752067227278
2.449081247273625 13350720435.388363 0.4152826358517537 10.125504701855776 -0.3816562275980984
4.14123984933823 55828064042.93073 2.043000729704593 10.746852568025066 0.3102685217507156
0.21314619489066464 46076745884.670204 3.456816809744981 10.66348179996736 0.5386763651874995
2.9284923610819686 97046194833.48335 3.147843915955984 10.986978511437737 0.4980131899768689
1.4038057270143245 83096464026.12581 2.5049563858918162 10.919582543800786 0.398800168713679
3.9879187565157825 32661589623.606182 1.176874855417552 10.514037317815234 0.0707302840064219
1.2693285584306961 54007383214.95971 1.6460564197920793 10.732453135199453 0.216444716893529
3.384455321299224 79555764325.92642 2.6974804193027917 10.900671652546338 0.43095830087316395
2.845816484426782 49681390397.1168 1.5991494385528675 10.696193741623954 0.20388904992908086
0.995284012293094 51206363656.32443 1.6364977473691034 10.709323936153375 0.2139154118402703
4.4806427629921535 69353785235.34744 2.625865647833559 10.841070169258794 0.41927250168598645
0.5508258283632346 45836103705.08098 1.842174000243456 10.66120769335503 0.26533064854088484
1.6467008348993502 73046844321.25772 2.186898268761743 10.86360145882655 0.33982858077745387
3.731482930486005 68977929314.67743 2.4218200541533186 10.838710152908911 0.3841418710979041
4.371458221731691 74002019520.01543 2.771455407495802 10.869243571817883 0.44270789521990794
1.1153049716610703 35324994471.48347 1.1001515287881813 10.54808210255161 0.04145250659852096
0.38663523031396313 37032892547.26928 1.8221576330788394 10.568587635037733 0.2605859446540221
3.547167867063595 54330075553.137405 1.8724127402112225 10.735040308977911 0.27240158747816057
4.4864247783703535 76964747736.10886 2.9157112368137534 10.886291850245915 0.4647445105690559
0.45843451467508967 90304348490.7597 4.009791788382106 10.955708663714072 0.6031218221203375
2.4245705749109083 22406002002.429195 0.6956178251920573 10.350364370449258 -0.1576292977398224
1.7003993385818104 25541748123.248047 0.7648112429020925 10.407250617841227 -0.11644573645573965
0.6847512852470117 66106722448.98187 2.3999398349967795 10.820245625507551 0.38020035435476324
3.064966798440873 85624642186.14082 2.8136460552013745 10.932598769646066 0.44926946412183805
3.819278177775244 82961769992.19124 2.9387611738528423 10.918878009167406 0.46816429342466925
4.150674171619123 32498487075.42103 1.1903978730660676 10.51186314343764 0.07569214223028514
0.8020518722255998 24931604910.147114 0.8510600378860346 10.396750236032311 -0.0700398016041418
4.814203309676276 90207349179.341 3.530010378291153 10.955241920890243 0.5477759822229369
3.2658315934509137 59046721915.911934 1.9786717958244247 10.771195791985972 0.2963737633407408
3.7233943908484717 53893582002.78649 1.8906618398466302 10.731537049662935 0.27661385871205635
2.04600447719425 94565940123.06644 2.8632984565479687 10.975734744434435 0.45686661916244875
0.4472687364148563 61300995297.81898 2.761101660187198 10.78746752588614 0.4410823970940035
0.8226802329504328 63789748055.24788 2.1582925257794248 10.804750886859166 0.3341103067611835
4.517023055272594 25397149318.064816 0.9650756057328036 10.404784972332038 -0.015438661924247588
1.5259095070263864 69354799660.32079 2.0798421425563753 10.8410765215573 0.31803037380011306
0.8083661669451938 73086221842.13356 2.4879576458746158 10.863835511815243 0.3958429828035451
2.0595159866683517 2946109957.043929 0.08926659020667374 9.46924895189095 -1.049311054032103
2.536810639148997 45938062286.26345 1.4390906243826171 10.66217267226668 0.15808814378374073
1.8851954104986564 33589680250.341774 1.0099140669343218 10.526205869689443 0.004284421461877552
3.9894976638774327 14704905753.89727 0.52993734255851 10.167462245388922 -0.275775476417562
3.393167914471492 95358184425.66356 3.236098332238753 10.97935797371514 0.5100217096336391
2.9598257894486117 12281759410.815004 0.3995550522905403 10.089260585671223 -0.3984233733993268
2.055309718193604 74406236537.77045 2.253993383177813 10.87160933850861 0.35295263679722993
2.370286206667924 67321412237.88236 2.0814262464231414 10.828153217830916 0.3183610266381528
3.143421680291672 82824988941.9762 2.7423902563391866 10.918161386571033 0.4381292572057492
1.6472527748768815 17618720863.584793 0.5274740829075607 10.245974375015193 -0.2777988742800296
2.126831224091644 1857042499.1935725 0.056480740548722055 9.268821842864202 -1.2480996176553476
4.445537518250543 42571539789.01673 1.6062034313288478 10.629119358652106 0.20580054935391112
2.7739854048101598 92567134286.2783 2.9600967230570436 10.966456818953217 0.4713059021412522
3.604637463559876 19135567451.15184 0.6633066262027407 10.281841345434307 -0.178285664228968
1.7726194731120932 13354253801.625679 0.40027543560993584 10.125619625873657 -0.39764106117242604
4.156300155163662 42487322485.84056 1.5571649895857833 10.628259363090828 0.19233463072514398
1.8751547946018647 74458863636.91266 2.2379279799851743 10.871916403894405 0.3498461061430436
2.1232523165883164 11132950613.155758 0.33853030788930505 10.046610282500449 -0.47040244378870866
4.8815562428159405 15364086866.443008 0.6052085443458989 10.186506753941604 -0.21809494922769934
2.0065686907570477 12828509690.73755 0.38766028625528537 10.108176206594521 -0.41154868788526
0.059272281536687316 93269086957.57986 21.258415675174422 10.969737725329106 1.3275308947513282
1.8131796481059452 64998614829.43607 1.9500215289758032 10.812904101591435 0.2900394061644559
2.0712629477729316 92553934921.35419 2.806135154490147 10.966394887468212 0.44810858452402935
4.0389395991367 6779079236.751232 0.24552897501480292 9.831170710157076 -0.6098972491764156
4.750364367535287 119797084.64077306 0.004658604250052621 8.078446249273401 -2.331744181442409
1.189081388244299 71048999895.91396 2.1869124348336664 10.851557969065137 0.33983139399790785
4.7095423589956695 63362809336.66547 2.454126882326129 10.80183442445839 0.38989701269806526
1.2410058076841974 56956887547.4996 1.7414553845186893 10.755546248924475 0.24091235246319273
4.822518577533437 40754645609.20765 1.5961193785699137 10.610177120988853 0.203065370420277
2.7062551334338396 18629313519.37285 0.5921285363783969 10.270196851662678 -0.22758400851260424
3.7216965952108376 16829590925.52674 0.5903042075905716 10.226073559769908 -0.22892412118867336
3.4408840252424815 45725830659.75559 1.5591732615266165 10.660161603654664 0.19289437839854945
3.9327423588968347 65785733840.960045 2.357229606071216 10.818131723615545 0.37240188706107824
0.5415007156028439 9828502902.10477 0.3984862524392628 9.992487370235926 -0.3995866569347596
1.1956776801965499 72308633079.62434 2.2236423055334855 10.859190151720748 0.34706492804189965
0.6982491737027099 32984059748.26655 1.1876944532869858 10.518304108487426 0.0747047282555837
0.5551040625543744 96814715966.28603 3.875757927188741 10.985941375667942 0.5883566439800635
1.196641848604829 68525267373.1387 2.1070167266980713 10.835850738752976 0.3236679832985789
3.5819066888448137 57860096730.657715 2.001050591426458 10.762379155367197 0.30125806879592776
3.566374492362835 53288646394.11145 1.8400719185404697 10.726634688695889 0.26483479758284256
3.200386556843732 17586788880.48059 0.5855581445532374 10.245186550156973 -0.23242997402482557
3.8445646361022643 13225838134.297659 0.4696995601772025 10.121423203245364 -0.3281798464863347
0.5839769100141654 3425116949.21639 0.13370355394996025 9.534675404888947 -0.8738570486815961
2.829811432977897 23431258700.432076 0.7530989361535121 10.369795619026718 -0.12314796589352522
2.8660174356594585 11874969617.774076 0.38294626999549153 10.074632507151646 -0.4168621562700194
4.570210418622629 46735304989.68356 1.7853285775102001 10.669645081195085 0.2517181567324292
2.5698538499744554 78804773720.21205 2.4754973138925496 10.896552526341729 0.39366245942441
3.2337223427631656 90895526439.63524 3.0363163526784636 10.958542509290284 0.4823470185623839
3.027735070726858 80640196798.80472 2.6404088208648586 10.906551578979062 0.4216711749379534
2.8310790199540437 63343617314.21219 2.036150055587598 10.801702860658004 0.3088097804978744
0.33344065267714873 97717627628.90462 5.294508602535691 10.98997291470559 0.72382565828477
3.564224026003416 74475183294.2961 2.571092720505617 10.872011580750504 0.410117738750155
2.7891662543726556 46889238609.13514 1.5014785722978865 10.671073180690739 0.17651913873334138
1.2382547593958755 84618251118.8344 2.5880420339517367 10.927464045135094 0.41297132569258427
1.9501547150810248 15117597391.956333 0.4556691241045395 10.179482775138272 -0.34135039798176714
2.5352120711845068 7687284011.191188 0.24078591777141273 9.885772926628599 -0.6183689161393187
4.086124094228198 56613506577.61917 2.060256557634847 10.752920055434787 0.313921305139696
2.027508727752257 80691020951.03328 2.4408844317627425 10.90682521045471 0.3875472174196915
3.3038593589199006 75220473600.37706 2.530149399091344 10.876336063483919 0.4031461659526313
2.4845543054258483 31584483472.089226 0.9852339191176577 10.49947377890157 -0.006460644912458116
4.791379830593884 86338281948.48111 3.371044452925765 10.936203402349923 0.5277644794664108
3.6331042491089804 46633725257.29879 1.6211345105915451 10.668700109729999 0.20981905111259236
3.1073285393969714 91954272268.9237 3.0340193717271995 10.9635719117113 0.4820183493601941
4.225571508105462 73929117283.18355 2.7284763455823318 10.86881552073382 0.43592019303666657
3.4963140738950913 76206838909.1181 2.612988890902822 10.88199394728734 0.4171375633324311
0.5506084289316365 57230388927.10189 2.3005784335864097 10.757626697303117 0.36183704424854707
3.5841015946850745 66520502234.64438 2.301072954482743 10.82295551951488 0.3619303879980745
1.5609062918552399 63549209987.02881 1.9042059246418697 10.803110155985124 0.2797139120630581
0.6890831908910632 48948227953.32783 1.7722945314660956 10.68973697389152 0.2485358974388099
0.5761590403698398 7332783126.437455 0.2881407374798851 9.865268840541185 -0.5403953366102309
4.186010663801113 60739867446.68758 2.2327961995688597 10.78347383981743 0.3488490842707584
2.7980535390004246 79940148850.7262 2.5618961893924443 10.902764952592948 0.40856152771645665
2.7122752834560226 48713283438.61914 1.5491662040403835 10.68764740346245 0.1900980140312741
1.168379336084852 17758966592.127888 0.5482778156114181 10.249417690249212 -0.2609993261618581
3.7888724992895146 76667639720.58795 2.7074663559053667 10.884612093331846 0.4325630686083713
0.9677408682900221 88591080051.6108 2.8521061820896203 10.947389996386123 0.45516568998669527
0.16275902855876853 6192999515.066594 0.5767446082153066 9.791901046002804 -0.2390164568559117
3.7806882560277715 58063153659.06304 2.0487653872172102 10.763900620533432 0.3114922283520425
0.9209909706870546 5952898275.630077 0.19432063256979099 9.774728461300285 -0.7114810844466347
4.186807050468428 55781190416.907745 2.050679807853202 10.746487778233682 0.31189785513280427
2.097958100122231 5609016583.36536 0.1703107121440615 9.748886724026885 -0.7687580350747145
1.6266373767348294 42515608778.9329 1.272934626068354 10.628548402098641 0.10480610022332401
3.83772332111773 85889390073.64209 3.048147401179483 10.933939518696643 0.4840359646265626
1.9340971158658964 31955963402.010666 0.9625653439756545 10.504551915105356 -0.016569778635265306
3.838168683713771 51170332664.87855 1.8160769597422597 10.709018240385278 0.2591342486361655
4.427477156265369 66960659361.062325 2.5218398191914457 10.825819721500453 0.4017174978395486
2.63343706757004 64298386531.97004 2.0307566588737336 10.80820007511623 0.30765788596516686
0.8794965287750134 40727879929.16951 1.3481306942611089 10.609891803677288 0.12973199683212264
4.859783727988714 41145622456.783226 1.617324664369165 10.61432363677812 0.20879720963477064
3.3322772274159496 22157870560.42382 0.747414287307274 10.34552802102506 -0.12643860458725809
3.669974456010219 68663583920.65787 2.3958556000110205 10.836726467839283 0.3794606392564158
0.06864142235787062 46052482061.16734 9.161612459136391 10.663253042055551 0.9619719169512785
2.617455745395468 76087201944.18883 2.3997912056221047 10.881311613505963 0.3801734574654399
0.9328895857882499 99007812210.87514 3.219973241039016 10.995669463953273 0.507852262591053
2.5183112354074155 1101878147.3710117 0.03446581203713395 9.042133570150634 -1.4626114847864533
3.3928673061319095 62660517331.615585 2.1263986981949676 10.79699397613998 0.3276446977188058
1.785535662448466 25215263621.530216 0.7559928946629484 10.401663512997924 -0.1214822862754797
4.127112772968003 70574945876.83275 2.5789792308026183 10.848650553763315 0.4114478446644453
1.7668822642727626 79501041302.15746 2.382673603018488 10.900372817069291 0.37706455341791834
0.04614133500963117 74916528181.62076 21.60489260175141 10.87457764288231 1.3345521117681627
4.011356221198747 92364749210.20898 3.3360147920543115 10.965506255370734 0.5232279676531475
4.309615184511062 92629450483.14153 3.4476342731046 10.966749087641498 0.5375211894041798
0.7158651124378475 89942798017.3649 3.2057681878642432 10.95396639384567 0.5059321149079413
0.24795374348136356 42820685904.741684 2.863101756392835 10.631653619573521 0.45683678338820277
0.00045828286134992185 22901314319.971046 630.1374946741281 10.359860407472256 2.7994353219347663
2.942490019467355 766807071.250213 0.024905324681398264 8.884686109149671 -1.6037077921600456
3.1501184060701535 6362158646.573241 0.2107926468626899 9.80360449445891 -0.6761445428079559
1.5960406711669506 91257838116.82233 2.733006048099566 10.960270176193648 0.43664059278060846
4.4378512029410375 48923644548.9612 1.8444489868489475 10.689518802177536 0.2658666481579007
0.13754289198884753 72033206573.48738 7.7238387488750995 10.85753274791809 0.8878331984055503
0.1713389445223404 15490752825.04579 1.383086762858675 10.190072524267826 0.14084942483010168
0.518084131753372 16413978776.722675 0.6810882955836227 10.215213867544753 -0.16679658294910915
2.615102973884731 49793310919.35466 1.5701655081281554 10.697171004889617 0.1959454329686651
4.462265182805107 59516259302.346214 2.2492716839524642 10.774635627252175 0.3520419159581663
4.896140440168266 23978266814.740387 0.9458774547185668 10.37981778843767 -0.024165125952252873
2.4583891165371377 50527893003.94828 1.5728586371102957 10.703531188682774 0.1966896915477887
3.26513261583847 71792111772.47441 2.405607418610944 10.856076728338586 0.3812247544077373
4.1869925212412635 50274745696.38634 1.848281307968052 10.701349882492341 0.26676807142987174
2.2609673189786803 88859695510.71858 2.7258625897493274 10.948704820740984 0.4355039593424772
3.59981822980674 1266382105.2681735 0.04387599051502736 9.102564765058505 -1.3577730660735858
4.465774675949458 388650916.0950843 0.014693256104785122 8.589559695724951 -1.832881951545204
2.5683910873342715 93482243365.57326 2.936201096746513 10.970729125945253 0.467785796549391
4.686988625570282 43601692240.03124 1.684997183976654 10.63950334514578 0.22659917940057878
1.8384456978040433 75559576160.13832 2.26841293099654 10.878289513148296 0.3557221142992178
2.758986553595496 8015543402.675504 0.25597344505996145 9.903932970081767 -0.591805086493269
0.06817829149435951 73847229594.41782 14.783032952407297 10.868334207238687 1.1697635449765607
2.418861309227588 60399543492.409645 1.874337582215318 10.781033656179465 0.2728478132805329
0.4056152239702975 82528123530.3289 3.9414184367834566 10.916601970522064 0.595652543756601
0.4437931762069192 483009282.4565906 0.021854993757965003 8.68395547708886 -1.6604493132137585
0.8694075414512049 62844532302.23798 2.0877996838717103 10.798267498501488 0.3196888274899519
3.628063254387151 80232268988.11253 2.787708127537784 10.904349074329915 0.4452473012640895
1.0867242921672975 94504721561.41599 2.9589695160818326 10.975453506888567 0.47114049099177796
3.309598108727755 67537519892.405716 2.2730134309855097 10.829545108463755 0.35660200193071656
4.2860165158159464 42694791623.599625 1.5853245611207756 10.630374898278077 0.20011818811468188
1.3009148752618769 86824860901.41267 2.6379412861633704 10.938644096217786 0.4212651250317908
0.11622840163565801 18910185611.131542 2.3438612652740205 10.276695791642215 0.3699319019240922
1.2398365654826842 69501699787.85883 2.1253054844241213 10.841995426165083 0.3274213629343102
2.2580284201042695 54316147128.05248 1.6658687339194687 10.734928956037333 0.22164077715454883
1.568736015199833 68778016978.72371 2.06058926687842 10.837449650002815 0.3139914333585274
3.2253978892495123 4782108093.783418 0.1596131109304544 9.679619388593453 -0.7969314377291223
1.9191858439456093 19605684040.961548 0.5902060060526252 10.292381999405032 -0.22899637534734138
0.49922865579474585 78024620854.06042 3.3029205631583247 10.892231666970316 0.5188981288240649
3.2965383502854566 78729690887.65211 2.6462690315941493 10.896138546297214 0.42263399442344357
4.370841812923578 75170079712.87442 2.815026769087783 10.876045010786779 0.44948252906723474
4.082508077664916 44376210642.64789 1.6143323453924618 10.647150214361732 0.207992948546947
3.2053918922479743 7811905182.231457 0.2602276696446861 9.89275696335576 -0.584646527393505
0.7040629839570588 27570885335.066998 0.9893790922727407 10.440450712060102 -0.004637271459727628
3.46907321757158 96804588145.603 3.310197098927725 10.985895941596576 0.5198538537238279
1.5035802048625955 62328811768.99864 1.8703856276868553 10.794688847619 0.27193115664909917
4.247221804578727 4867883000.3245535 0.1800488930496237 9.687340131406001 -0.7446095443505575
1.8829009961726686 62058950717.0497 1.8657286941630018 10.792804428327624 0.2708484908604226
2.651759057468445 44424086002.98031 1.4052842020110075 10.647618501239398 0.1477641640157797
4.836011040223568 27099572415.854977 1.0627351769030553 10.432962438516483 0.026425056114715812
2.287251668475856 92519032205.22008 2.8432934648380557 10.966231081187527 0.45382168683863683
4.6240506671220425 8798541900.295794 0.3379115248223902 9.944410706567947 -0.4711969959095819
2.6513247473592236 58222187986.17103 1.841695488251024 10.765088522168844 0.2652178241752793
2.5220317459308 74498997474.10252 2.3309756110751305 10.87215042852823 0.3675377295347758
2.508577156635629 52131693406.88868 1.6293398040089269 10.717101832452869 0.21201166725284132
1.095097255546344 49464269861.07557 1.5462463553082488 10.694291602867665 0.18927868895317948
3.358996920841114 51290763716.56458 1.7347036786644068 10.710039165734118 0.23922529946594767
0.6591011437181459 90972957465.50336 3.3575141720941795 10.958912313541932 0.5260178545051042
2.2202776921461824 38618744639.1277 1.1814361246659304 10.586798152271943 0.07241024610802821
4.148034292415036 6958666402.838252 0.2548234832928682 9.842526016998074 -0.5937605520252057
3.333365531316596 64052913647.57484 2.160822875253938 10.806538889776 0.3346191688024839
3.836440206798324 39090193643.78123 1.3871004346030193 10.592067821832025 0.14210790780344534
3.8918684669770522 42815335208.63656 1.5278270555450892 10.63159934853744 0.18407419646918316
1.2786279713965183 16893972293.224918 0.5144018726185701 10.22773177758728 -0.2886974590837733
3.4406614303869683 33354502191.012848 1.137306632078038 10.523154463282426 0.0558775716937955
2.11590740210007 94952619861.17107 2.8860798055141634 10.977506951964592 0.46030833597966103
1.5422507336459839 4096424988.1855497 0.12279488247008333 9.61240500667122 -0.9108197322283632
0.893027992699815 92779079281.29263 3.056602688958454 10.967450058363404 0.4852389908337529
2.9517787084574874 25890077304.969143 0.8416267591547155 10.413133347193133 -0.07488046476770846
3.4341361030024653 9395941877.444689 0.3201696198793686 9.972940321602469 -0.49461987961440645
3.9795893949723675 37201884172.753426 1.3393443042398565 10.570564936255753 0.1268922351226205
2.909480944741943 55823763573.99704 1.8075086494208987 10.74681911277461 0.2570803841888535
3.8966091198114743 981657584.251751 0.03504637568127766 8.991960026276876 -1.4553568879115206
0.17018970745057935 74290527645.42558 6.669569286046455 10.870933442918394 0.8240977885292718
4.703751409795538 62554500345.4506 2.4214361792453527 10.796258559511276 0.3840730270200417
1.824570645781402 16678204270.233793 0.500511388647866 10.22214928865716 -0.30058603612541557
4.134924448414731 8091274161.591678 0.29590774066049785 9.908016916887444 -0.528843673966875
3.0368373693698736 25132179226.675972 0.8236222707092783 10.40023014816625 -0.08427191859191224
4.154091791182517 76656266880.37402 2.8088352662776623 10.884547665521897 0.44852626926761807
1.89645940738286 48596413021.47661 1.461692830831952 10.68660421447896 0.16485611688267635
4.1589703323477325 8064095941.403952 0.29562953837311307 9.906555686087371 -0.5292521747713196
4.250438593904034 14380474805.005733 0.5320641570950299 10.157773225531548 -0.2740359966666185
0.27662184008118446 42682460755.48177 2.633995567019889 10.630249449686827 0.42061503971444353
2.978761011257552 65670024902.82061 2.140234800022057 10.817367180977033 0.3304614213679546
1.4851643220323576 1676605357.4230232 0.05034439282436581 9.224430849569053 -1.2980488925590603
1.738582091917562 64305074392.86564 1.9263459687574587 10.808245244990578 0.2847342884110105
1.9656389712426423 56847226812.53712 1.7146121732877242 10.754709283282528 0.23416590277629684
2.578954327774593 62250958648.42957 1.9569878498793833 10.79414604384034 0.2915881293132292
2.9331138639099015 96422342174.8997 3.128965927393877 10.98417767663133 0.49540083395942713
1.9506761860817883 42967298540.6672 1.2951332483809936 10.633138049384103 0.1123144526331698
2.4920486027315967 99706511793.30272 3.112084096964668 10.99872352284072 0.4930513242926585
3.066036888515647 23640411940.55656 0.7769095352502309 10.373655039973679 -0.10962954828910562
0.38548560293789436 99704489420.1987 4.9150463805334175 10.998714713843482 0.6915276203807063
4.297463324211647 19411527608.251804 0.7216093295726016 10.288059713942143 -0.1416978605053236
1.1559936615378328 22490663618.920444 0.6956845772920178 10.352002270099181 -0.15758762445781152
1.9645722140594877 5762087558.451527 0.1737865453577711 9.760579853365329 -0.7599838498842734
2.6897192237584253 21877820120.70223 0.6943681774164321 10.340004047244886 -0.15841019089770703
0.49434302989082 54386946475.12178 2.3147205709200813 10.735494676277359 0.3644985712364554
2.8218240749364027 5462419185.515544 0.17543796436565953 9.737385024798748 -0.7558764204885944
1.6385343013973976 23911817202.456264 0.7158929994866136 10.378612582013325 -0.1451518844032293
2.7450893308783364 911233314.6274505 0.029063630727822847 8.959629589137752 -1.5366501331018403
2.4750360796500877 48009874987.33227 1.4964583948025059 10.68133057511346 0.17506464689698018
3.7588630021869514 43475049807.98026 1.5306415683282641 10.638240088232395 0.18487350348608328
1.0780704381023043 49097760331.88724 1.5398948947287756 10.691061681579438 0.18749107915004867
4.315104081895693 83874627609.22168 3.1235027128618387 10.923630604978907 0.49464188748082877
1.8957287432530134 82754637212.28967 2.489045267556116 10.917792339115818 0.3960327950702481
3.587358577785907 30405852916.19539 1.0521422452596405 10.48295719033714 0.02207445859642645
0.7372703912280952 67270378153.5557 2.3697029125718165 10.82782386903171 0.3746939023315646
4.404440767516806 87274545559.40756 3.279331370072585 10.940887596110617 0.5157853035015466
1.6917337168612854 20018771827.484825 0.5993958600804009 10.301437429541512 -0.22228626097403512
4.376984436824728 79253496690.20943 2.9697715442361226 10.899018432527164 0.47272304160887846
4.280317297784529 21193848494.618877 0.7865105165150954 10.326209825432752 -0.1042954660045342
0.12332444226722933 48145510694.65596 5.668422446813184 10.68255579776514 0.7534622091624299
3.991760779230727 37481727926.142265 1.35108050602663 10.573819603867046 0.1306812278387851
4.939234128911234 54232343506.879715 2.1483293859998818 10.734258371725067 0.33210086899921887
2.6421956075942097 36852902755.085785 1.1648170658677106 10.56647170117381 0.06625772491357147
3.190113819193829 23909296792.135254 0.7952678753630873 10.378566803059046 -0.09948656040443662
4.941123733905706 36208307448.20845 1.434599450698881 10.558808224262375 0.15673066021021548
0.34220051122509515 83882517132.30962 4.466790739551833 10.923671454223804 0.6499956070976104
0.005275199835440885 76531036108.98878 183.9946251095805 10.883837593028531 2.26480513649136
2.7566170001245442 5592529003.933202 0.178557324563875 9.747608245109388 -0.7482223299997435
3.601845776842766 35528789561.99302 1.2312075591890574 10.550580411668841 0.09033127324968716
0.19618345586387845 652701503.8195792 0.052260425848448776 8.814714613308498 -1.2818270557093836
0.7553450733751581 10074880352.302206 0.35159524832027433 10.003239897230669 -0.4539570028878822
1.9999186336349963 21712513830.506622 0.6559144474305549 10.336710108093534 -0.1831528030509066
1.4723641739628 40675318589.855225 1.2219867245523381 10.609330963238257 0.08706648783371901
2.5036773998638986 19193836462.268444 0.5996509979189358 10.283161790153226 -0.22210143924445294
1.8921322672005985 16363712333.317007 0.49211472094745984 10.213881836192312 -0.30793364343853274
1.205266952635551 38291583457.16436 1.176018588269404 10.58310332593217 0.0704141862971183
0.7663283318466608 43091529345.96518 1.4956288029540423 10.634391907751104 0.17482382024492132
4.981807078747034 54601520571.24877 2.171931526325129 10.737204737329414 0.33684612929254026
1.4505816393414528 69451403736.50868 2.0884590359346444 10.841681028026965 0.3198259612185617
3.4732593528537463 45740217329.445206 1.5647257675901303 10.660298223776515 0.1944382344970193
0.850388918005819 99552425261.05496 3.3310311161790502 10.998051844621223 0.5225786895875268
4.609825754724786 38723958180.4581 1.4851142238555364 10.587979742439908 0.17175985761445742
0.4763350229928478 20261114564.919945 0.8802773583872325 10.306663332242445 -0.05538046848785915
3.798205623216037 78634961421.52238 2.779562854328274 10.895615678057371 0.4439764991982139
2.0374286962733095 94977029939.03998 2.8744759889703246 10.977618584478956 0.4585586852549992
1.7446906512690596 19543478402.83358 0.5855042873963218 10.291001863206374 -0.23246992042808778
4.672906263300127 84936771224.46248 3.277837300911933 10.929095747753658 0.5155873930814125
2.5880991467269667 85262040916.41055 2.6824579631855445 10.930755724137136 0.42853292485994515
4.8587432442563605 16716743383.752453 0.6570236898772326 10.223151675721356 -0.18241897108333022
3.7331976813584413 84213693428.56233 2.957261156352163 10.925382714978715 0.47088967885634886
2.624778710027102 79826590491.77617 2.5193124746161475 10.902147580326679 0.401282037123066
1.6997352343382057 43170770393.66093 1.2926803645666036 10.635189798823756 0.11149115205306845
2.9432937352204878 34755717578.67806 1.1289253306935205 10.541026259533703 0.05266521779725418
2.152762862616114 77674196096.18187 2.366081978655532 10.890276767137197 0.37402978773948137
0.6566759856925677 96618478815.65022 3.5716592334917343 10.985060195568533 0.5528700168251803
3.911647903953163 93366180365.36711 3.338360656562443 10.97018959207048 0.5235332534618256
3.560380475210638 85309944274.77151 2.9440007496615865 10.930999658271155 0.46893791625440445
0.8561340353306116 81837917986.55334 2.7322832805633714 10.912954572091532 0.43652572458768335
0.1647413292662784 55751042531.265144 5.140497962088045 10.746252992999882 0.7110051913127844
2.8408689604106274 40475514959.28846 1.3022366625670612 10.60719238287457 0.11468991810842796
3.9377937091077255 18188276873.669075 0.6520540069316875 10.259791556693806 -0.18571643196585133
1.5090424259270692 77214470677.22339 2.3166776211438513 10.887698698604414 0.3648656034493344
0.03597128263348272 24108382414.998543 8.813338594364083 10.382168071770755 0.9451404553415886
4.721721659317106 27959522374.020218 1.084211314792739 10.446529748185977 0.03511393525080074
0.45349887070640726 78457144609.71991 3.505559192582347 10.894632498251738 0.5447573047227179
1.6734476801569766 15417716235.456312 0.4615909545521655 10.18802004817711 -0.3357427103085023
4.682047215537302 49481654723.493385 1.9112966171757906 10.694444214507328 0.2813280911399618
4.0064407753955225 98165574207.86563 3.543767268590887 10.991959211281532 0.5494651925362297
2.322009049949593 625985990.965425 0.01928545495718867 8.796564614177697 -1.7147701113706157
4.867120471965726 35774892769.73078 1.4072253374550368 10.553578340696411 0.14836364610392672
1.1783210503035484 61994176518.06769 1.911145665509927 10.79235089554903 0.28129378978459557
0.4193576386938597 52685602121.354256 2.465604007645578 10.721691947782462 0.3919233272864731
3.3612264922331687 2789898244.4456778 0.09437800541638389 9.44558836360276 -1.02512920527037
3.8263811305421283 17066966593.38274 0.6049989151776944 10.232156338406943 -0.21824540407937168
2.781562628578738 31773737655.347057 1.0167518778331743 10.50206830540363 0.0072149831733376866
0.6310853871855436 16960077708.35251 0.6382412713389246 10.229427837792828 -0.195015115944411
3.9644921288256527 6665563423.360308 0.23960799371975555 9.823836865124894 -0.6204986972573947
3.0985040216729542 20001400569.11076 0.659380381775431 10.30106040757096 -0.18086397835364953
2.4119730974638918 40557737566.08983 1.2579313527456257 10.608073720734364 0.09965694163609286
1.2013622552011438 50102701429.123825 1.5395699066861643 10.699861142716198 0.18739941353721248
2.549719189117716 29015735616.47829 0.9099415300617492 10.46263358541675 -0.04098651315952636
2.7539417933053647 96408892824.67828 3.077387227745456 10.984117095381661 0.4881821469761468
1.7579454641491887 10281381152.349186 0.30808701240348935 10.0120514596547 -0.5113266092467862
2.693842368381075 43158984894.59219 1.3702965920179244 10.63507122146357 0.1368145776205582
2.534038214207663 23899965374.087936 0.7485371690579434 10.378397271749249 -0.12578662963492007
4.961087725192084 1943388769.1568658 0.077148263444321 9.288559688613388 -1.1126738451683877
3.7942394742932066 79296537264.72057 2.801824151189322 10.899254222883066 0.447440874502697
0.907679827858304 48494243706.20975 1.589807778724525 10.685690190664227 0.20134461759982303
0.14725731915194634 30767594998.524822 3.1142713371650226 10.488093550206175 0.4933564486623589
3.3018684383959016 28117863412.081276 0.9455986209504854 10.448982316931117 -0.024293169832142168
4.369330041269989 30848483692.79281 1.1550627988915385 10.489233821852663 0.06260559675686547
2.4607394460209395 81601100952.6668 2.540595087104889 10.911696018244578 0.4049354539332472
1.3004621504224343 76978325959.13393 2.3388801919300963 10.886368462297467 0.36900797584238043
3.6517641014965854 94861138840.21342 3.303882129007881 10.977088334200014 0.5190245448122078
3.166580561788359 78182840852.94588 2.594533865189973 10.893111446914123 0.41405934370280917
0.21492765935632957 23192651418.08717 1.7287814232335135 10.365350400661342 0.23774008715230022
2.7278671320209127 85981613618.50394 2.7381537608392574 10.934405591269895 0.43745783226000357
2.9682172346422577 91369320410.41713 2.974821818160887 10.960800394714731 0.4734609580622294
0.016866647329339773 34034024174.89337 25.94581485066795 10.531913303007766 1.414067314637482
3.141312815535161 75505610266.27205 2.499527936547592 10.877979222055178 0.39785799510767705
4.061258286101072 86250163181.61832 3.130912455143976 10.935759925412667 0.4956709242826975
3.907651118562139 94500349983.46465 3.3775479514838507 10.975433416928373 0.5286015234726046
1.1786597819305737 89341588294.16321 2.7540709337118643 10.951053668991642 0.43997512173169634
4.664936063902945 87751926572.98653 3.3838115219924214 10.94325666007612 0.5294061648757725
1.7894151505966265 20623459577.97511 0.6183755412673768 10.314361519802851 -0.20874769648734254
2.071095186990417 30049541960.770187 0.9110613169861562 10.477837856524246 -0.04045239280461968
4.2689378894632615 37821635657.85674 1.401969448317529 10.577740306683028 0.1467385495994832
4.064412510904471 99238474063.15907 3.6035404460946796 10.996680077737972 0.5567294009388649
0.7680578512093731 65658987557.76002 2.2769809146080635 10.817294181752017 0.35735939042404036
1.5530809867429483 78077000682.14798 2.33988593478675 10.892523121612893 0.3691946868545388
4.9818807740211275 61886321743.72934 2.461722940985934 10.791594670867429 0.3912391728959377
0.9794368529515687 47442887030.42926 1.5225223868869233 10.676171109176495 0.18256368713741117
2.2777805368695536 60047418390.64398 1.8441557399918873 10.778494340584908 0.2657975946802004
4.65727530303163 80444131208.87476 3.0996659064834127 10.905494365693322 0.49131488648270805
4.805657246971162 17419357513.625298 0.6810860866637477 10.241032132678939 -0.16679799146438473
0.7138925265787256 69589822343.94788 2.483115695042339 10.842545727784833 0.3949969549745851
1.0354308445324751 97491504474.03958 3.0856770794886232 10.98896677240831 0.48935047456762776
3.179220992011631 66757611608.63763 2.218118738081968 10.824500790503551 0.3459847906470195
0.0416246092197348 90613858313.6972 28.815906418188437 10.957194622940696 1.4596322850739325
4.596293159327649 91866093885.30751 3.518459818039962 10.963155250715936 0.5463525956069375
4.717256848028095 69236234886.9455 2.6836535819601477 10.840333442619254 0.42872645443550245
1.417605626466163 7555648927.642593 0.22758543260238004 9.878271770275505 -0.6428555399170096
3.5644329459157245 58476087591.04536 2.0188013804827323 10.766978307956984 0.3050935930379847
1.2585646029184745 51213704838.10483 1.5627282094875523 10.709386194161794 0.19388345186196768
3.4854085631353837 50349679653.98733 1.7245089271035239 10.701996711732772 0.23666544688071597
1.2346821378038477 21598358261.456142 0.6608660415746653 10.334420740730195 -0.17988656366238942
0.8047269906442553 49761068877.018875 1.6966317931864783 10.696889700509239 0.22958760098703987
2.093713465931752 30164611061.31817 0.9156914998386072 10.479497729950374 -0.03825081725399732
2.499188121775298 68665493159.81956 2.144455977751682 10.836738543534397 0.3313171352961172
4.5686064979025645 45333397842.1741 1.7314986918435156 10.656418271646444 0.23842216777380926
2.9761534743959035 99655973333.72765 3.2470594789267584 10.998503335230463 0.5114902440103848
0.18899505553852616 37538888690.95198 3.0963106735093877 10.5744814115317 0.4908445298602323
4.364612560309536 58464999333.24057 2.1880767358402378 10.766895949064663 0.34006254863378904
4.658406682729424 75425846021.27513 2.906627008955761 10.877520190180281 0.4633893047854371
1.7699400223224524 92655450315.96852 2.7770762055640263 10.966870971118809 0.44358779735985604
4.413766770494304 88680011676.05052 3.335250226823265 10.947825741623822 0.5231284223760785
3.705258007420842 36556723026.729935 1.2801134329956596 10.56296725830923 0.10724845491455853
3.2481781580201603 26696561295.279114 0.8930538058434996 10.426455324785477 -0.04912237439591943
0.065213366470602 523397321.9592527 0.10916871015300465 8.718831496176819 -0.9619018209274248
1.4535333183180819 73437597625.92523 2.208028485645408 10.86591846129137 0.34400467190082706
3.5773919788141586 6780391980.988594 0.23438853708246996 9.831254801574959 -0.630063631576988
0.422200282233225 54143739238.04503 2.52353947269557 10.733548245419948 0.4020101022695459
4.702589133346684 37560412229.76772 1.4537676802741815 10.574730350051235 0.1624950095241739
4.511378334763254 30362648166.068226 1.1531132133003648 10.482339647123153 0.0618719486631994
1.4320308722835606 37742181460.51073 1.1359648812438046 10.576826998343021 0.05536490521497963
2.999372135466462 94645182245.78915 3.090601270317892 10.976098511830495 0.4900429787706412
1.510601847463135 54993857915.684364 1.6499095863318638 10.740314187270956 0.21746014589086576
2.891933011116062 49381041277.00641 1.596285180222171 10.693560243475421 0.20311048170952897
3.7356214129623138 59493871818.72642 2.089707769497264 10.774472233419685 0.32008555741805056
2.5147497150955225 38639719949.09408 1.2082657010476643 10.587033970098428 0.08216244737314103
0.16314940872197684 40016908523.104744 3.71936065758283 10.602243534494685 0.5704682929068986
0.8881915548657209 3333816640.478057 0.11001574241442712 9.522941710003558 -0.9585451661641016
0.13270212195095651 76101155596.76373 8.412967021054621 10.881391251586438 0.9249491864786595
4.992270787191503 98938551349.528 3.939566085673104 10.995365547169136 0.5954483901059258
1.5617278103514938 99946870264.18896 2.9947886495586737 10.999769199171757 0.476366178455141
4.678536432834137 50804516823.37028 1.9617134878630078 10.705902325359952 0.2926355781069663
2.0077643000170458 63726726696.36279 1.9258467863125106 10.804321611650805 0.28462173320087364
0.8867617545481092 86246471284.00693 2.847544053895831 10.935741335244046 0.45447045170315487
4.1114017784671235 56408584949.41676 2.0580420689945687 10.751345205267532 0.3134542480481171
0.4801002910675797 81346728481.70181 3.5186771067022877 10.910340091619354 0.5463794153968798
1.9016197619525903 94039809042.73889 2.829080277574384 10.973311738575307 0.45164527110949043
2.2582183932707616 13585308455.782183 0.41666494299108486 10.133069503565341 -0.3802130383140272
0.849256774207176 53252970132.43661 1.7826284756308335 10.726343835137165 0.2510608396441492
2.6448372123846227 37245837586.37153 1.1775055885582406 10.57107774515741 0.07096297701048461
4.349400868496683 31309621340.227627 1.1699911645489207 10.495677815274401 0.06818258208621505
0.3131420569719039 73590604290.80464 4.161387435574295 10.86682236915902 0.6192381515773742
1.3095630006313526 84082625109.9635 2.552586578978308 10.924706262165934 0.40698048146799654
1.130530123807196 55027826044.90461 1.7092286162627692 10.740582355708643 0.23280015525502182
3.0058221045661706 42633876207.221954 1.393047765609495 10.629754819836391 0.1439660080140407
3.023523536637383 81397800539.40224 2.6641422466655396 10.91061266991984 0.42555740942193243
0.31539828958887156 87211141361.7249 4.907302039417174 10.940571970286161 0.6908427891843593
3.8939845068287404 88917026590.20078 3.173603954992018 10.948984931342975 0.5015527286906148
3.211116728566752 3534168242.320848 0.11779518335646562 9.548287220035597 -0.9288724674816454
2.035770487493422 33617323571.41109 1.0173408841973937 10.526563134313552 0.007466497977097754
3.0009963742615646 51749838976.73086 1.6901319311805123 10.713909002793187 0.22792060683103257
2.2167457314423578 42378747575.189514 1.2961624957377973 10.62714811780136 0.11265945105497817
3.8857106218867985 67606564084.44398 2.4109778493257017 10.829988864688017 0.38219322034849923
1.473501742889989 26266225153.64738 0.7890659605990168 10.41939766270849 -0.10288669117990441
1.30106738222688 97644491761.18965 2.966624360670577 10.989647749260408 0.4722625586471627
4.258496719122152 20871209101.155853 0.7728410234388935 10.319547609139708 -0.11190983304665668
4.664952946433385 60735780395.800575 2.342042899241153 10.783444616122315 0.3695948457888969
2.3249171556469874 51338172318.44227 1.581965438232598 10.710440403366508 0.19919699107769406
3.8669468166346657 96331786969.11609 3.428859857684454 10.983769616588752 0.5351497352525689
0.6046825294687513 52514309151.01963 2.0159144774022595 10.72027765652216 0.30447210377541406
2.6681717687199105 51996647799.018295 1.6471806427171216 10.715975345763331 0.21674122991246667
4.320620260045344 84706157287.83247 3.156215062197449 10.92791498032997 0.49916658805558
1.8776085742895026 34635045465.67756 1.041073379803522 10.539515762074775 0.017481341730139096
1.9760642697842328 71536258552.53328 2.158659786601828 10.854526222191474 0.33418420118365194
3.7915556341189527 88732125165.02681 3.134365798586562 10.948080883146257 0.4961496797640583
2.1079437644203076 48455587367.683975 1.4721289996146256 10.685343862357803 0.16794586799475597
0.6954743847034465 14458460177.696875 0.5214852081421306 10.160122043170253 -0.2827580057673778
2.405157705550585 89145759802.11847 2.7634806015364966 10.95010069088393 0.44145642036515215
4.647821272372426 92588847313.86993 3.5642900105629267 10.966558677375831 0.5519730334296622
1.7674555995958237 94881263325.99138 2.843654655167757 10.977180458607185 0.4538768527954934
4.591870681178324 77365729754.18446 2.961798035025071 10.888548626386171 0.47155544065898075
0.9778557309299841 80245300940.9529 2.5763001208171077 10.904419610109112 0.4109964538828777
4.927716225113506 91154106232.65834 3.606876625828652 10.959776237160142 0.5571312874145132
0.44022912478942944 11051156339.103077 0.5024108812651645 10.043407722855276 -0.29894096317563307
4.580384035175511 53073865158.31281 2.0295159863605106 10.724880716719303 0.30739247657511326
4.356513884268573 767313339.393228 0.02869373176744871 8.884972748278296 -1.5422129658489172
1.2889517180275627 51089271404.02065 1.5539976686984587 10.708329709151833 0.1914503629384125
3.9226290523131397 29332752676.94488 1.0499746243004022 10.467352820440915 0.0211788032037664
4.229820760643282 61803628883.200584 2.2819403910293765 10.79101397602215 0.35830429556636206
0.16841812159373262 31057005206.926563 2.8121756049622437 10.492159574869262 0.4490424365060029
4.692636347805064 35524008022.32876 1.3735990559978095 10.550521959465271 0.137859983685269
3.67789359777641 27511046672.76419 0.9607013526705865 10.439507113674258 -0.017411597809883248
4.406744489937696 44551421454.11109 1.6744004156286951 10.648861565159164 0.22385932313356033
1.9554125136398024 90271240233.62903 2.7215315855949815 10.955549409258472 0.4348133790242139
3.3604535260184876 7546322.812269076 0.00025526097478734464 6.877735379262605 -3.593015576617661
0.9663217113702744 70866941978.33287 2.282392834043525 10.850443692665714 0.3583903951105341
0.8694221053541997 4550048017.70245 0.15115934239934425 9.658015979890775 -0.8205650060971593
4.498088760687112 31310998356.650898 1.1875567512173466 10.495696915393088 0.07465437295089464
0.9976062928465835 16468289697.24504 0.5259965677551751 10.216648498160785 -0.2790170897052937
4.379220214200367 99289688614.9794 3.7213966117128274 10.996904148695382 0.5707059578740872
3.0452260641773568 9394905249.687717 0.30813392755945573 9.972892404474301 -0.5112604803891903
0.09977393763278423 17250159690.97733 2.4454913234118107 10.23679311984925 0.38836612628588135
2.1103437026729583 30439713429.69423 0.9249162522645731 10.48344055951482 -0.03389758923497365
0.053205407801721234 96100499309.18156 24.2315714035312 10.982725644137421 1.3843815787992337
3.746055217152589 7739182131.838432 0.27212365720747295 9.888695067349925 -0.5652337009690345
3.918162042255145 21234073846.762825 0.7597366998626423 10.327033323390653 -0.11933689404739078
4.645672662221754 14115938272.685701 0.5432900755819527 10.149709750574118 -0.2649682282616239
4.452865453156942 71694661251.7582 2.706984157776753 10.855486817101182 0.43248571413390874
0.348055065155013 72976192725.32674 3.8425926405829354 10.863181201841549 0.5846243466490698
3.864603752743788 33413243173.16416 1.189038252010896 10.523918631395418 0.07519582633444612
2.636646416993807 93027600499.66884 2.9389335448504994 10.968611819159799 0.46818976591915107
3.9055833716462702 14810745440.097357 0.5292418750034318 10.170576917560616 -0.27634580060805164
1.6556978802821551 33401837187.733353 0.9999873518431521 10.523770354792154 -5.4930594638897115e-06
3.3552576888062724 65779608276.92743 2.2239035697896576 10.818091282894349 0.34711595196749157
2.9500785234573965 58773010797.48137 1.910268891361916 10.769177939127532 0.2810945032767481
4.769603549840457 32492129312.636402 1.2659303099056183 10.511778172977076 0.10240979821174874
0.8382652338792268 51120396166.36893 1.7186570695714805 10.708594210803733 0.2351892288392522
3.0496093475450663 60686614920.79149 1.9912357186253136 10.783092913364223 0.2991226740097091
